0 init 0 0 0
1606 spiral4 0.592905 0.205171 0.572388
1936 spiral2 0.74639 0.262377 0.720152
2273.01 spiral2 0.786122 0.277186 0.758403
2610.01 spiral2 0.796407 0.28102 0.768305
2952.01 spiral3 0.798072 0.281786 0.769893
3268.01 spiral6 0.798502 0.282013 0.770301
3605.01 spiral6 0.798614 0.282072 0.770407
4070.01 spiral7 0.798947 0.282283 0.770718
4454.02 spiral8 0.798956 0.282291 0.770727
4841.02 spiral12 0.798965 0.282298 0.770735
5162.02 spiral14 0.798965 0.282299 0.770735
5499.02 spiral14 0.798965 0.282299 0.770735
5899.02 spiral13 0.798967 0.282301 0.770737
6290.03 spiral9 0.79897 0.282304 0.77074
