0 init 0 0 0
1711 spiral1 0.576435 0.21682 0.554753
2048 spiral1 0.725656 0.272947 0.698362
2616.01 spiral2 0.817886 0.314542 0.786432
2953.01 spiral2 0.871837 0.338873 0.83795
3508.01 spiral5 0.885768 0.3468 0.851088
3904.01 spiral10 0.896804 0.355433 0.861261
4241.01 spiral10 0.899662 0.357668 0.863895
4578.02 spiral10 0.900401 0.358246 0.864577
5069.02 spiral8 0.903491 0.361428 0.867349
5406.02 spiral8 0.905299 0.363289 0.86897
5743.02 spiral8 0.906357 0.364377 0.869919
6080.02 spiral8 0.906975 0.365014 0.870474
6417.02 spiral8 0.907337 0.365387 0.870798
