0 init 0 0 0
1711 spiral1 0.576435 0.21682 0.554753
2027 spiral3 0.725656 0.276671 0.697989
2390.01 spiral1 0.764285 0.2912 0.735165
2706.01 spiral3 0.774285 0.295211 0.744764
3033.01 spiral6 0.775764 0.295895 0.746175
3507.01 spiral5 0.776698 0.296426 0.747055
3903.01 spiral10 0.776889 0.296576 0.747232
4240.01 spiral10 0.776939 0.296614 0.747277
4731.02 spiral8 0.776992 0.29667 0.747325
5068.02 spiral8 0.777024 0.296702 0.747354
5405.02 spiral8 0.777042 0.296721 0.74737
5742.02 spiral8 0.777053 0.296732 0.74738
