0 init 0 0 0
1711 spiral1 0.576435 0.21682 0.554753
2027 spiral3 0.725656 0.276671 0.697989
2390.01 spiral1 0.764285 0.2912 0.735165
2706.01 spiral3 0.774285 0.295211 0.744764
3033.01 spiral6 0.775764 0.295895 0.746175
3507.01 spiral5 0.776698 0.296426 0.747055
3903.01 spiral10 0.776889 0.296576 0.747232
4240.01 spiral10 0.776939 0.296614 0.747277
4577.02 spiral10 0.776952 0.296624 0.747289
4914.02 spiral10 0.776955 0.296627 0.747292
5327.02 spiral9 0.776955 0.296627 0.747292
5664.02 spiral9 0.776955 0.296627 0.747293
6001.02 spiral9 0.776955 0.296627 0.747293
6469.03 spiral8 0.777009 0.296683 0.747341
