0 init 0 0 0
1600 spiral1 0.539004 0.171671 0.521837
1937 spiral1 0.678536 0.216112 0.656925
2494.01 spiral2 0.791726 0.255385 0.766188
2831.01 spiral2 0.857939 0.278359 0.830103
3395.01 spiral5 0.866969 0.282895 0.83868
3911 spiral9 0.874555 0.28901 0.845654
4248 spiral9 0.878992 0.292587 0.849733
4585.01 spiral9 0.881587 0.29468 0.852119
5711.01 spiral13 0.894498 0.306331 0.863865
6048.01 spiral13 0.902051 0.313146 0.870736
6431.01 spiral12 0.906468 0.317683 0.8747
6768.01 spiral12 0.909053 0.320337 0.877019
