0 init 0 0 0
1545 spiral2 0.113191 0.0392735 0.109263
1882 spiral2 0.179403 0.0622473 0.173179
2219.01 spiral2 0.218136 0.0756862 0.210567
2556.01 spiral2 0.240793 0.0835475 0.232438
2893.01 spiral2 0.254047 0.0881461 0.245232
3457.01 spiral5 0.388798 0.155831 0.373215
3760.01 spiral7 0.423681 0.174877 0.406193
4190.01 spiral9 0.536871 0.266131 0.510258
4527.02 spiral9 0.603084 0.319512 0.571133
4864.02 spiral9 0.641817 0.350738 0.606743
5201.02 spiral9 0.664474 0.369004 0.627573
5538.02 spiral9 0.677727 0.379689 0.639759
5931.02 spiral14 0.680312 0.381944 0.642117
6318.03 spiral10 0.718042 0.41601 0.676441
