0 init 0 0 0
1532 spiral4 0.539004 0.187596 0.520245
1852 spiral1 0.678536 0.242027 0.654333
2189.01 spiral1 0.714656 0.256118 0.689045
2526.01 spiral1 0.724007 0.259765 0.69803
2849.01 spiral3 0.72552 0.260448 0.699475
3208.01 spiral6 0.726014 0.260715 0.699942
3725.01 spiral7 0.726027 0.260726 0.699954
4062.01 spiral7 0.726027 0.260726 0.699955
4399.02 spiral7 0.726028 0.260727 0.699955
4736.02 spiral7 0.726028 0.260727 0.699955
5160.02 spiral9 0.72603 0.260729 0.699957
5497.02 spiral9 0.726032 0.260731 0.699959
5834.02 spiral9 0.726033 0.260732 0.69996
6290.03 spiral12 0.726036 0.260735 0.699962
