0 init 0 0 0
1312 spiral4 0.0377302 0.0113566 0.0365945
1649 spiral4 0.0598011 0.0179998 0.0580012
1986.01 spiral4 0.0727119 0.0218859 0.0705233
2448.01 spiral2 0.611716 0.223099 0.589406
3016.01 spiral1 0.694729 0.258323 0.668897
3610.01 spiral9 0.712171 0.268995 0.685271
3947.01 spiral9 0.716686 0.271757 0.68951
4382.01 spiral10 0.760715 0.307791 0.729936
4719.02 spiral10 0.763557 0.310117 0.732545
5040.02 spiral11 0.763638 0.310189 0.732619
5377.02 spiral11 0.763686 0.310231 0.732663
5777.02 spiral14 0.773453 0.319802 0.741473
6168.02 spiral12 0.78322 0.329862 0.750234
6505.03 spiral12 0.788933 0.335746 0.755359
