0 init 0 0 0
1312 spiral4 0.0377302 0.0113566 0.0365945
1649 spiral4 0.0598011 0.0179998 0.0580012
1986.01 spiral4 0.0727119 0.0218859 0.0705233
2448.01 spiral2 0.611716 0.223099 0.589406
3016.01 spiral1 0.694729 0.258323 0.668897
3385.01 spiral3 0.743289 0.282074 0.715082
4116.01 spiral10 0.787318 0.318108 0.755507
4453.02 spiral10 0.79016 0.320434 0.758117
4869.02 spiral14 0.799927 0.330005 0.766927
5206.02 spiral14 0.805641 0.335604 0.77208
5597.02 spiral12 0.815408 0.345663 0.780841
5934.02 spiral12 0.821121 0.351548 0.785966
6271.02 spiral12 0.824463 0.35499 0.788964
