0 init 0 0 0
1215 spiral4 0.255124 0.0691863 0.248206
1552 spiral4 0.271591 0.0736518 0.264226
1889.01 spiral4 0.272654 0.0739401 0.26526
2322.01 spiral6 0.811658 0.259971 0.785661
2691.01 spiral5 0.921731 0.312175 0.890514
3028.01 spiral5 0.928836 0.315545 0.897281
3463.01 spiral7 0.963719 0.336938 0.930025
3800.01 spiral7 0.972749 0.342476 0.938501
4226.02 spiral9 0.972932 0.34263 0.938669
4563.02 spiral9 0.972944 0.34264 0.93868
4900.02 spiral9 0.972945 0.34264 0.938681
5285.02 spiral14 0.973037 0.342722 0.938764
5607.02 spiral11 0.973039 0.342724 0.938767
5944.03 spiral11 0.973041 0.342726 0.938768
6334.03 spiral10 0.973081 0.342768 0.938805
