0 init 0 0 0
1215 spiral4 0.255124 0.0691863 0.248206
1552 spiral4 0.271591 0.0736518 0.264226
1889.01 spiral4 0.272654 0.0739401 0.26526
2322.01 spiral6 0.811658 0.259971 0.785661
2861.01 spiral1 0.811689 0.259984 0.78569
3444.01 spiral7 0.846572 0.281377 0.818434
3781.01 spiral7 0.855602 0.286915 0.82691
4207.01 spiral9 0.899631 0.323699 0.867261
4544.02 spiral9 0.902473 0.326074 0.869865
4929.02 spiral14 0.924487 0.345674 0.88992
5266.02 spiral14 0.925908 0.346939 0.891214
5645.02 spiral10 0.935675 0.357 0.899975
5982.02 spiral10 0.941389 0.362885 0.9051
6319.03 spiral10 0.944731 0.366328 0.908098
