0 init 0 0 0
1672 spiral1 0.539004 0.201357 0.518869
2000 spiral3 0.678536 0.260296 0.652506
2375.01 spiral1 0.714656 0.273789 0.687277
2933.01 spiral2 0.827847 0.323203 0.795526
3310.01 spiral4 0.871989 0.346334 0.837355
3647.01 spiral4 0.89781 0.359865 0.861824
4350.01 spiral8 0.902486 0.363101 0.866175
4783.02 spiral12 0.902655 0.363271 0.866328
5120.02 spiral12 0.902754 0.36337 0.866417
5457.02 spiral12 0.902812 0.363428 0.866469
5794.02 spiral12 0.902846 0.363462 0.8665
6131.02 spiral12 0.902866 0.363481 0.866518
