0 init 0 0 0
1074 spiral4 0.680332 0.148626 0.665469
1411 spiral4 0.724243 0.158219 0.708421
1868.01 spiral1 0.799703 0.183833 0.78132
2205.01 spiral1 0.843845 0.198816 0.823964
2583.01 spiral3 0.894486 0.219943 0.872492
2920.01 spiral3 0.92411 0.232302 0.900879
3547.01 spiral9 0.92439 0.232466 0.901144
4366.01 spiral10 0.932279 0.239765 0.908303
4703.02 spiral10 0.934322 0.241654 0.910156
5225.02 spiral15 0.947232 0.254249 0.921808
5562.02 spiral15 0.954785 0.261616 0.928623
5899.02 spiral15 0.959203 0.265926 0.93261
