0 init 0 0 0
1074 spiral4 0.680332 0.148626 0.665469
1411 spiral4 0.724243 0.158219 0.708421
1868.01 spiral1 0.799703 0.183833 0.78132
2205.01 spiral1 0.843845 0.198816 0.823964
2583.01 spiral3 0.894486 0.219943 0.872492
2920.01 spiral3 0.92411 0.232302 0.900879
3547.01 spiral9 0.92439 0.232466 0.901144
3972.01 spiral16 0.925099 0.233039 0.901795
4309.02 spiral16 0.925145 0.233076 0.901837
4646.02 spiral16 0.925147 0.233078 0.90184
4983.02 spiral16 0.925148 0.233078 0.90184
5289.02 spiral11 0.925305 0.233219 0.901983
5681.02 spiral13 0.925397 0.233307 0.902066
6071.03 spiral12 0.925554 0.233465 0.902208
6431.03 spiral14 0.925711 0.233627 0.902349
