0 init 0 0 0
1074 spiral4 0.680332 0.148626 0.665469
1411 spiral4 0.724243 0.158219 0.708421
1868.01 spiral1 0.799703 0.183833 0.78132
2205.01 spiral1 0.843845 0.198816 0.823964
2583.01 spiral3 0.894486 0.219943 0.872492
2920.01 spiral3 0.92411 0.232302 0.900879
3954 spiral10 0.931999 0.239601 0.908039
4476 spiral15 0.94491 0.252195 0.91969
4813.01 spiral15 0.952462 0.259563 0.926506
5150.01 spiral15 0.95688 0.263872 0.930493
5487.01 spiral15 0.959464 0.266393 0.932825
5824.01 spiral15 0.960976 0.267868 0.934189
