0 init 0 0 0
1389 spiral1 0.935456 0.229037 0.912553
1726 spiral1 0.995834 0.24382 0.971452
2063.01 spiral1 0.999731 0.244774 0.975254
2442.01 spiral6 0.999983 0.244856 0.975497
2820.01 spiral2 0.999999 0.244862 0.975513
3156.01 spiral5 1 0.244863 0.975514
3509.01 spiral10 1 0.244863 0.975514
3837.01 spiral7 1 0.244863 0.975514
4224.02 spiral12 1 0.244863 0.975514
4603.02 spiral9 1 0.244863 0.975514
4993.02 spiral14 1 0.244863 0.975514
5330.02 spiral14 1 0.244863 0.975514
5674.02 spiral11 1 0.244863 0.975514
6135.03 spiral13 1 0.244863 0.975514
6472.03 spiral13 1 0.244863 0.975514
6809.03 spiral13 1 0.244863 0.975514
7146.03 spiral13 1 0.244863 0.975514
