0 init 0 0 0
1089 spiral4 0.113191 0.0284855 0.110342
1426 spiral4 0.179403 0.0451486 0.174889
1763.01 spiral4 0.218136 0.054896 0.212646
2229.01 spiral2 0.75714 0.248021 0.732338
2559.01 spiral5 0.933257 0.319911 0.901266
2968.01 spiral6 0.936099 0.321268 0.903972
3313.01 spiral7 0.936244 0.321349 0.904109
3631.01 spiral9 0.936282 0.321372 0.904145
4057.02 spiral11 0.939124 0.323731 0.90675
4394.02 spiral11 0.939307 0.323883 0.906919
4731.02 spiral11 0.939319 0.323893 0.90693
5155.02 spiral13 0.939949 0.32451 0.907498
5492.02 spiral13 0.940318 0.324871 0.907831
5829.03 spiral13 0.940534 0.325082 0.908025
6218.03 spiral10 0.941164 0.325732 0.908591
