0 init 0 0 0
1089 spiral4 0.113191 0.0284855 0.110342
1426 spiral4 0.179403 0.0451486 0.174889
1763.01 spiral4 0.218136 0.054896 0.212646
2229.01 spiral2 0.75714 0.248021 0.732338
2559.01 spiral5 0.933257 0.319911 0.901266
2968.01 spiral6 0.936099 0.321268 0.903972
3369.01 spiral8 0.941727 0.324204 0.909307
4284.01 spiral12 0.955214 0.337082 0.921506
4621.02 spiral12 0.958705 0.340415 0.924664
4958.02 spiral12 0.959609 0.341278 0.925481
5496.02 spiral14 0.976632 0.35861 0.940771
5833.02 spiral14 0.97773 0.359729 0.941757
