0 init 0 0 0
1707 spiral1 0.592905 0.216235 0.571281
2044 spiral1 0.74639 0.272211 0.719168
2381.01 spiral1 0.786122 0.286702 0.757452
2949.01 spiral2 0.869128 0.323252 0.836803
3491.01 spiral5 0.872374 0.324945 0.839879
3815.01 spiral7 0.872457 0.324996 0.839957
4157.01 spiral8 0.876314 0.327605 0.843553
4494.02 spiral8 0.877312 0.32828 0.844484
4880.02 spiral9 0.878032 0.328988 0.845134
5217.02 spiral9 0.878454 0.329402 0.845513
5554.02 spiral9 0.8787 0.329644 0.845736
5891.02 spiral9 0.878844 0.329786 0.845865
6228.02 spiral9 0.878928 0.329869 0.845941
6584.03 spiral12 0.879648 0.330609 0.846587
