0 init 0 0 0
1668 spiral2 0.0830064 0.0328386 0.0797225
2005 spiral2 0.131562 0.0520482 0.126358
2342.01 spiral2 0.159966 0.0632851 0.153638
2679.01 spiral2 0.176582 0.0698584 0.169596
3210.01 spiral5 0.363673 0.172303 0.346442
3526.01 spiral7 0.368456 0.175236 0.350933
3863.01 spiral7 0.369695 0.175995 0.352095
4286.01 spiral8 0.556786 0.333453 0.523441
4623.02 spiral8 0.568861 0.343616 0.5345
4960.02 spiral8 0.569641 0.344272 0.535214
5266.02 spiral9 0.611166 0.382795 0.572887
5603.02 spiral9 0.635457 0.40533 0.594924
6035.02 spiral12 0.676961 0.447409 0.63222
6372.03 spiral12 0.701239 0.472024 0.654036
