0 init 0 0 0
1668 spiral2 0.0830064 0.0328386 0.0797225
2005 spiral2 0.131562 0.0520482 0.126358
2342.01 spiral2 0.159966 0.0632851 0.153638
2679.01 spiral2 0.176582 0.0698584 0.169596
3210.01 spiral5 0.363673 0.172303 0.346442
3526.01 spiral7 0.368456 0.175236 0.350933
3949.01 spiral8 0.555548 0.332694 0.522278
4255.01 spiral9 0.602408 0.376167 0.564792
4592.02 spiral9 0.62982 0.401597 0.589661
4929.02 spiral9 0.645856 0.416472 0.604208
5361.02 spiral12 0.687359 0.458552 0.641504
5698.02 spiral12 0.711637 0.483167 0.66332
6083.02 spiral10 0.75314 0.525914 0.700549
6420.03 spiral10 0.777418 0.550919 0.722326
