0 init 0 0 0
1682 spiral1 0.748365 0.281465 0.720219
2229 spiral2 0.831371 0.314303 0.799941
2566.01 spiral2 0.879927 0.333513 0.846576
3070.01 spiral4 0.892003 0.339384 0.858065
3741 spiral8 0.904079 0.349547 0.869124
4047 spiral9 0.907103 0.352353 0.871868
4479.01 spiral12 0.909782 0.355069 0.874275
4976.01 spiral9 0.911551 0.35671 0.87588
5368.01 spiral11 0.912468 0.357616 0.876706
5754.01 spiral12 0.914035 0.359205 0.878114
6139.01 spiral10 0.916714 0.361964 0.880517
6476.02 spiral10 0.918281 0.363578 0.881923
