0 init 0 0 0
1437 spiral2 0.0754604 0.0268514 0.0727752
1774 spiral2 0.119602 0.0425586 0.115346
2259.01 spiral1 0.799934 0.286424 0.771292
2580.01 spiral3 0.843845 0.303814 0.813464
2907.01 spiral6 0.845971 0.304795 0.815491
3375.01 spiral5 0.846325 0.304994 0.815826
4139.01 spiral12 0.86938 0.327108 0.836669
4476.02 spiral12 0.875348 0.332833 0.842065
4813.02 spiral12 0.876893 0.334315 0.843462
5361.02 spiral10 0.961935 0.421065 0.919828
5698.02 spiral10 0.967424 0.426664 0.924757
6043.02 spiral11 0.967581 0.426826 0.924898
