0 init 0 0 0
1437 spiral2 0.0754604 0.0268514 0.0727752
1774 spiral2 0.119602 0.0425586 0.115346
2111.01 spiral2 0.145424 0.0517468 0.140249
2625.01 spiral3 0.825756 0.321174 0.793638
2952.01 spiral6 0.858689 0.336377 0.825051
3420.01 spiral5 0.864178 0.339456 0.830232
3838.01 spiral7 0.864886 0.340045 0.830882
4175.01 spiral7 0.864932 0.340083 0.830924
4512.02 spiral7 0.864935 0.340086 0.830927
4849.02 spiral7 0.864935 0.340086 0.830927
5378.02 spiral8 0.86525 0.340381 0.831212
5715.02 spiral8 0.865434 0.340553 0.831378
