0 init 0 0 0
705.001 spiral1 0.415032 0.055266 0.409505
1042 spiral1 0.657812 0.0875948 0.649053
1533.01 spiral3 0.871213 0.141281 0.857085
2209.01 spiral4 0.90678 0.154917 0.891289
2657.01 spiral2 0.934959 0.170278 0.917931
2994.01 spiral2 0.942253 0.174255 0.924828
3773.01 spiral9 0.943272 0.174944 0.925777
4102.01 spiral11 0.945309 0.176482 0.92766
4441.02 spiral14 0.946652 0.177707 0.928881
4797.02 spiral12 0.94767 0.178686 0.929801
5134.02 spiral12 0.948266 0.179259 0.93034
5471.02 spiral12 0.948614 0.179594 0.930655
