0 init 0 0 0
705.001 spiral1 0.415032 0.055266 0.409505
1042 spiral1 0.657812 0.0875948 0.649053
1533.01 spiral3 0.871213 0.141281 0.857085
2038.01 spiral6 0.8781 0.144017 0.863699
2375.01 spiral6 0.878545 0.144194 0.864125
2744.01 spiral5 0.884024 0.146952 0.869329
3329.01 spiral9 0.884025 0.146953 0.86933
3658.01 spiral11 0.884552 0.147351 0.869817
3995.02 spiral11 0.884861 0.147584 0.870102
4332.02 spiral11 0.885041 0.14772 0.870269
4671.02 spiral14 0.88516 0.147829 0.870377
5008.02 spiral14 0.885168 0.147836 0.870384
5364.02 spiral12 0.885431 0.148089 0.870622
