0 init 0 0 0
1547 spiral1 0.654819 0.15523 0.639296
2113 spiral2 0.779329 0.186426 0.760686
2450.01 spiral2 0.852163 0.204675 0.831696
3038.01 spiral6 0.876314 0.21253 0.855061
3473.01 spiral5 0.885881 0.216075 0.864274
3779.01 spiral7 0.888358 0.217076 0.86665
4626.01 spiral11 0.913719 0.234004 0.890318
4963.02 spiral11 0.920284 0.238386 0.896445
5586.02 spiral14 0.934485 0.250961 0.909389
5923.02 spiral14 0.942793 0.258317 0.916961
6260.02 spiral14 0.947653 0.26262 0.921391
6597.02 spiral14 0.950496 0.265137 0.923982
6934.02 spiral14 0.952159 0.26661 0.925498
7271.03 spiral14 0.953131 0.267471 0.926384
7608.03 spiral14 0.9537 0.267975 0.926903
7998.03 spiral13 0.954295 0.268581 0.927437
8335.03 spiral13 0.954449 0.268738 0.927575
