0 init 0 0 0
1466 spiral2 0.12451 0.0311963 0.12139
1803 spiral2 0.197344 0.0494452 0.192399
2140.01 spiral2 0.239949 0.0601202 0.233937
2477.01 spiral2 0.264872 0.0663647 0.258236
3065.01 spiral6 0.639055 0.188062 0.620249
3500.01 spiral5 0.787281 0.243001 0.762981
3806.01 spiral7 0.825652 0.258495 0.799803
4246.01 spiral8 0.83169 0.261831 0.805507
4663.02 spiral12 0.834369 0.263569 0.808012
5686.02 spiral11 0.843047 0.269362 0.816111
6023.02 spiral11 0.845293 0.270861 0.818207
6646.02 spiral14 0.850153 0.275164 0.822637
6983.02 spiral14 0.852996 0.277681 0.825228
7320.03 spiral14 0.854659 0.279154 0.826743
7657.03 spiral14 0.855631 0.280015 0.82763
8047.03 spiral13 0.856648 0.281052 0.828542
8384.03 spiral13 0.856911 0.281321 0.828779
8721.03 spiral13 0.856979 0.28139 0.82884
