0 init 0 0 0
1466 spiral2 0.12451 0.0311963 0.12139
1803 spiral2 0.197344 0.0494452 0.192399
2140.01 spiral2 0.239949 0.0601202 0.233937
2477.01 spiral2 0.264872 0.0663647 0.258236
3046.01 spiral5 0.413099 0.121303 0.400968
3383.01 spiral5 0.45147 0.135525 0.437917
3689.01 spiral7 0.461403 0.139536 0.447449
4129.01 spiral8 0.554948 0.19123 0.535825
4466.02 spiral8 0.560986 0.194566 0.54153
4803.02 spiral8 0.561376 0.194781 0.541898
5220.02 spiral12 0.602879 0.221709 0.580708
5557.02 spiral12 0.627157 0.237461 0.603411
5894.02 spiral12 0.641359 0.246675 0.616692
6360.03 spiral10 0.682862 0.275522 0.65531
7781.03 spiral14 0.687722 0.279825 0.659739
8171.03 spiral13 0.692798 0.285006 0.664298
8508.03 spiral13 0.694112 0.286347 0.665478
8845.03 spiral13 0.694453 0.286694 0.665783
