0 init 0 0 0
1192 spiral1 0.467728 0.10248 0.45748
1527 spiral3 0.482823 0.106256 0.472197
1934.01 spiral1 0.498891 0.109777 0.487914
2499.01 spiral5 0.602649 0.148652 0.587784
2836.01 spiral5 0.663344 0.171392 0.646205
3173.01 spiral5 0.698849 0.184695 0.68038
3840.01 spiral8 0.698912 0.184726 0.680439
4282.01 spiral12 0.698916 0.184729 0.680443
4663.02 spiral10 0.698916 0.184729 0.680443
5086.02 spiral11 0.698916 0.184729 0.680443
5440.02 spiral13 0.698916 0.184729 0.680443
5777.02 spiral13 0.698916 0.184729 0.680443
