0 init 0 0 0
1341 spiral4 0.0850415 0.023062 0.0827353
1656 spiral1 0.162937 0.0546206 0.157475
2133.01 spiral6 0.701942 0.231597 0.678782
2670.01 spiral1 0.747508 0.250058 0.722502
3007.01 spiral1 0.774163 0.260856 0.748077
3572.01 spiral7 0.809046 0.28053 0.780993
3876.01 spiral9 0.818076 0.286044 0.789471
4314.01 spiral10 0.862105 0.322423 0.829863
4651.02 spiral10 0.864947 0.324771 0.83247
5090.02 spiral14 0.874714 0.334827 0.841231
5427.02 spiral14 0.880427 0.340709 0.846357
5764.02 spiral14 0.88377 0.34415 0.849355
6213.02 spiral11 0.893537 0.354173 0.85812
6550.03 spiral11 0.89925 0.360035 0.863247
