0 init 0 0 0
1341 spiral4 0.0850415 0.023062 0.0827353
1656 spiral1 0.162937 0.0546206 0.157475
1993.01 spiral1 0.208504 0.0730814 0.201195
2330.01 spiral1 0.235158 0.0838803 0.22677
2667.01 spiral1 0.250751 0.0901974 0.241731
3004.01 spiral1 0.259872 0.0938926 0.250482
3569.01 spiral7 0.394623 0.169892 0.377634
3873.01 spiral9 0.429506 0.19119 0.410387
4311.02 spiral10 0.599589 0.331722 0.566416
4648.02 spiral10 0.610566 0.340792 0.576487
4985.02 spiral10 0.611275 0.341378 0.577137
5424.02 spiral14 0.649005 0.380223 0.610983
5761.02 spiral14 0.671076 0.402947 0.630781
6098.03 spiral14 0.683987 0.416239 0.642363
6547.03 spiral11 0.721717 0.454954 0.676222
