0 init 0 0 0
1432 spiral2 0.113191 0.0387248 0.109318
1769 spiral2 0.179403 0.0613776 0.173266
2106.01 spiral2 0.218136 0.0746287 0.210673
2443.01 spiral2 0.240793 0.0823802 0.232555
3017.01 spiral3 0.577671 0.227625 0.554908
3461.01 spiral5 0.712422 0.296862 0.682736
3767.01 spiral7 0.747305 0.316418 0.715663
4207.01 spiral10 0.791334 0.350299 0.756304
4544.02 spiral10 0.794176 0.352486 0.758927
4998.02 spiral9 0.803943 0.361678 0.767775
5335.02 spiral9 0.809656 0.367055 0.772951
5740.02 spiral14 0.819424 0.375959 0.781828
6062.02 spiral11 0.825137 0.381422 0.786995
