0 init 0 0 0
1432 spiral2 0.113191 0.0387248 0.109318
1769 spiral2 0.179403 0.0613776 0.173266
2106.01 spiral2 0.218136 0.0746287 0.210673
2443.01 spiral2 0.240793 0.0823802 0.232555
3007.01 spiral5 0.375544 0.151616 0.360382
3344.01 spiral5 0.410427 0.16954 0.393473
3650.01 spiral7 0.419457 0.174602 0.401997
4090.01 spiral10 0.58954 0.305482 0.558992
4427.02 spiral10 0.600518 0.313929 0.569125
4764.02 spiral10 0.601226 0.314475 0.569779
5218.02 spiral9 0.638957 0.349982 0.603958
5555.02 spiral9 0.661028 0.370753 0.623952
5892.02 spiral9 0.673938 0.382904 0.635648
