0 init 0 0 0
1525 spiral4 0.539004 0.17488 0.521516
2070 spiral2 0.652195 0.213605 0.630835
2407.01 spiral2 0.718408 0.236257 0.694782
2991.01 spiral6 0.828481 0.285586 0.799922
3437.01 spiral5 0.863364 0.303509 0.833013
3743.01 spiral7 0.872394 0.308572 0.841537
4577.01 spiral8 0.895449 0.329 0.862549
4914.02 spiral8 0.901417 0.334288 0.867988
5549.02 spiral13 0.914328 0.347506 0.879577
5886.02 spiral13 0.92188 0.355237 0.886357
6223.02 spiral13 0.926298 0.35976 0.890322
6560.02 spiral13 0.928883 0.362406 0.892642
