0 init 0 0 0
1679 spiral1 0.539004 0.201327 0.518872
2013 spiral3 0.661094 0.255136 0.635581
2398.01 spiral1 0.710141 0.273455 0.682796
2966.01 spiral2 0.823332 0.322169 0.791115
3357.01 spiral4 0.867474 0.346012 0.832872
4095.01 spiral7 0.870424 0.348445 0.83558
4432.01 spiral7 0.870615 0.348602 0.835754
4769.02 spiral7 0.870627 0.348612 0.835766
5202.02 spiral9 0.871281 0.349286 0.836353
5539.02 spiral9 0.871664 0.349681 0.836696
5876.02 spiral9 0.871888 0.349911 0.836897
6213.02 spiral9 0.872019 0.350046 0.837015
