0 init 0 0 0
1666 spiral1 0.539004 0.200414 0.518963
1993 spiral3 0.678536 0.259402 0.652596
2368.01 spiral1 0.714656 0.272832 0.687373
2695.01 spiral3 0.724007 0.276785 0.696328
3025.01 spiral6 0.72552 0.277533 0.697766
3374.01 spiral4 0.726014 0.277807 0.698233
3797.01 spiral7 0.726316 0.27799 0.698517
4222.01 spiral9 0.726329 0.278001 0.698529
4559.02 spiral9 0.72633 0.278001 0.69853
4896.02 spiral9 0.72633 0.278001 0.69853
5329.02 spiral12 0.726333 0.278004 0.698532
5666.02 spiral12 0.726335 0.278006 0.698534
6003.02 spiral12 0.726336 0.278007 0.698535
6340.03 spiral12 0.726336 0.278008 0.698535
