0 init 0 0 0
737.001 spiral1 0.415032 0.04338 0.410694
1131 spiral3 0.825441 0.108318 0.814609
1523.01 spiral7 0.834271 0.110636 0.823207
2036.01 spiral5 0.85193 0.115302 0.8404
2418.01 spiral4 0.85307 0.115717 0.841498
2755.01 spiral4 0.853144 0.115744 0.841569
3122.01 spiral9 0.853148 0.115746 0.841574
3562.01 spiral13 0.853149 0.115746 0.841574
3899.02 spiral13 0.853149 0.115746 0.841574
4430.02 spiral11 0.853149 0.115746 0.841574
4768.02 spiral17 0.853149 0.115746 0.841574
5095.02 spiral15 0.853149 0.115746 0.841574
5452.02 spiral12 0.853149 0.115746 0.841574
5785.03 spiral14 0.853149 0.115746 0.841574
6262.03 spiral16 0.853149 0.115746 0.841574
6599.03 spiral16 0.853149 0.115746 0.841574
6936.03 spiral16 0.853149 0.115746 0.841574
