0 init 0 0 0
1667 spiral2 0.592905 0.225063 0.570399
1996 spiral3 0.74639 0.285278 0.717862
2343.01 spiral2 0.786122 0.30036 0.756086
2672.01 spiral3 0.796407 0.304396 0.765968
3034.01 spiral4 0.798928 0.305705 0.768357
3374.01 spiral5 0.799091 0.305797 0.768511
3761.01 spiral7 0.799093 0.305799 0.768513
4201.01 spiral9 0.799096 0.305801 0.768516
4538.02 spiral9 0.799096 0.305801 0.768516
4875.02 spiral9 0.799096 0.305801 0.768516
5181.02 spiral8 0.799097 0.305802 0.768516
5518.02 spiral8 0.799097 0.305802 0.768517
5896.02 spiral11 0.799097 0.305802 0.768517
6361.03 spiral12 0.799098 0.305803 0.768518
