0 init 0 0 0
1667 spiral2 0.592905 0.225063 0.570399
1996 spiral3 0.74639 0.285278 0.717862
2343.01 spiral2 0.786122 0.30036 0.756086
2672.01 spiral3 0.796407 0.304396 0.765968
3034.01 spiral4 0.798928 0.305705 0.768357
3494.01 spiral6 0.799348 0.305951 0.768753
4267.01 spiral10 0.873461 0.37998 0.835463
4604.02 spiral10 0.892647 0.399144 0.852732
4941.02 spiral10 0.897613 0.404105 0.857203
5278.02 spiral10 0.898899 0.405389 0.85836
5615.02 spiral10 0.899232 0.405722 0.85866
5952.02 spiral10 0.899318 0.405808 0.858737
