0 init 0 0 0
504.001 spiral1 0.741131 0.097887 0.731342
841.003 spiral1 0.932987 0.123227 0.920664
1196.01 spiral4 0.95782 0.131224 0.944697
1533.01 spiral4 0.964248 0.133294 0.950919
1870.01 spiral4 0.965912 0.13383 0.952529
2233.01 spiral6 0.966128 0.133955 0.952732
2570.01 spiral6 0.966183 0.133987 0.952785
2907.01 spiral6 0.966198 0.133996 0.952798
3475.02 spiral8 0.969674 0.136327 0.956042
3788.02 spiral10 0.969735 0.136377 0.956097
4125.02 spiral10 0.96977 0.136406 0.956129
4541.02 spiral11 0.96983 0.136459 0.956184
4929.02 spiral9 0.969831 0.13646 0.956185
5269.03 spiral7 0.969833 0.136462 0.956187
