0 init 0 0 0
504.001 spiral1 0.741131 0.097887 0.731342
841.003 spiral1 0.932987 0.123227 0.920664
1196.01 spiral4 0.95782 0.131224 0.944697
1533.01 spiral4 0.964248 0.133294 0.950919
1989.01 spiral2 0.987756 0.141606 0.973595
2312.01 spiral5 0.988157 0.141783 0.973978
2718.01 spiral6 0.988989 0.142267 0.974762
3286.01 spiral8 0.989213 0.142418 0.974971
3599.02 spiral10 0.989446 0.142609 0.975185
3936.02 spiral10 0.989582 0.14272 0.97531
4352.02 spiral11 0.989815 0.142927 0.975523
4779.02 spiral7 0.989936 0.143052 0.975631
