0 init 0 0 0
504.001 spiral1 0.741131 0.097887 0.731342
841.003 spiral1 0.932987 0.123227 0.920664
1196.01 spiral4 0.95782 0.131224 0.944697
1533.01 spiral4 0.964248 0.133294 0.950919
1978.01 spiral3 0.987756 0.141761 0.97358
2301.01 spiral5 0.988157 0.141939 0.973963
2707.01 spiral6 0.988989 0.142423 0.974746
3275.01 spiral8 0.989213 0.142573 0.974956
3588.02 spiral10 0.989446 0.142764 0.97517
4004.02 spiral11 0.989679 0.14297 0.975382
4341.02 spiral11 0.989815 0.143091 0.975506
4729.02 spiral9 0.989876 0.143149 0.975561
5066.02 spiral9 0.989911 0.143183 0.975593
