0 init 0 0 0
1142 spiral4 0.0850415 0.0145965 0.0835818
1479 spiral4 0.0905304 0.0155386 0.0889765
1817.01 spiral1 0.166148 0.0371646 0.162431
2154.01 spiral1 0.210382 0.0498151 0.2054
2491.01 spiral1 0.236257 0.0572152 0.230536
2858.01 spiral3 0.251393 0.0623491 0.245159
3195.01 spiral3 0.260248 0.0653522 0.253712
4006.01 spiral10 0.335708 0.114301 0.324278
4343.02 spiral10 0.37985 0.142934 0.365557
4890.02 spiral11 0.45531 0.19007 0.436303
5227.02 spiral11 0.499452 0.217643 0.477688
5642.02 spiral13 0.537182 0.245123 0.51267
6031.02 spiral12 0.563004 0.26418 0.536586
7429.03 spiral14 0.563015 0.264191 0.536596
7766.03 spiral14 0.563021 0.264197 0.536601
8109.03 spiral15 0.563025 0.2642 0.536605
