0 init 0 0 0
1142 spiral4 0.0850415 0.0145965 0.0835818
1479 spiral4 0.0905304 0.0155386 0.0889765
1817.01 spiral1 0.166148 0.0371646 0.162431
2154.01 spiral1 0.210382 0.0498151 0.2054
2491.01 spiral1 0.236257 0.0572152 0.230536
2858.01 spiral3 0.251393 0.0623491 0.245159
3536.01 spiral8 0.506518 0.172879 0.48923
3936.01 spiral10 0.581978 0.221827 0.559795
4273.02 spiral10 0.62612 0.250461 0.601074
4610.02 spiral10 0.651942 0.26721 0.625221
4947.02 spiral10 0.667047 0.277008 0.639346
5284.02 spiral10 0.675882 0.28274 0.647608
5644.02 spiral12 0.681051 0.286554 0.652396
5981.03 spiral12 0.684075 0.288786 0.655196
7379.03 spiral14 0.684093 0.288804 0.655213
7716.03 spiral14 0.684104 0.288814 0.655222
8059.03 spiral15 0.68411 0.288821 0.655228
