0 init 0 0 0
1142 spiral4 0.0850415 0.0145965 0.0835818
1720 spiral5 0.624046 0.167702 0.607276
2057.01 spiral5 0.763577 0.207336 0.742844
2659.01 spiral1 0.841473 0.229613 0.818512
3026.01 spiral3 0.887039 0.245068 0.862533
3704.01 spiral8 0.904136 0.252475 0.878889
4104.01 spiral10 0.909193 0.255756 0.883617
4441.02 spiral10 0.912151 0.257674 0.886384
4778.02 spiral10 0.913881 0.258797 0.888002
5115.02 spiral10 0.914894 0.259453 0.888948
5452.02 spiral10 0.915486 0.259838 0.889502
6755.02 spiral16 0.916319 0.260516 0.890267
7148.02 spiral14 0.916807 0.26099 0.890708
