0 init 0 0 0
1673 spiral1 0.539004 0.200576 0.518947
2010 spiral1 0.678536 0.252499 0.653286
2347.01 spiral1 0.714656 0.26594 0.688062
2698.01 spiral3 0.7205 0.268721 0.693628
3035.01 spiral3 0.722013 0.26944 0.695069
3412.01 spiral6 0.72231 0.269617 0.695348
3830.01 spiral7 0.723479 0.270326 0.696446
4254.01 spiral9 0.723491 0.270336 0.696458
4591.02 spiral9 0.723492 0.270337 0.696458
4928.02 spiral9 0.723492 0.270337 0.696458
5361.02 spiral11 0.723495 0.27034 0.696461
5698.02 spiral11 0.723497 0.270342 0.696462
6035.02 spiral11 0.723498 0.270343 0.696463
6372.03 spiral11 0.723498 0.270343 0.696464
