0 init 0 0 0
1105 spiral4 0.0377302 0.00989132 0.0367411
1442 spiral4 0.0598011 0.0156774 0.0582334
1779.01 spiral4 0.0727119 0.0190621 0.0708057
2238.01 spiral1 0.611716 0.206527 0.591064
2588.01 spiral5 0.721789 0.256233 0.696166
2925.01 spiral5 0.728894 0.259441 0.70295
3275.01 spiral8 0.729352 0.259685 0.703384
3787.01 spiral9 0.729364 0.259694 0.703395
4124.02 spiral9 0.729365 0.259695 0.703396
4461.02 spiral9 0.729365 0.259695 0.703396
4798.02 spiral9 0.729365 0.259695 0.703396
5208.02 spiral12 0.729368 0.259698 0.703398
5545.02 spiral12 0.729369 0.259699 0.703399
5945.03 spiral10 0.729372 0.259702 0.703402
