0 init 0 0 0
1105 spiral4 0.0377302 0.00989132 0.0367411
1442 spiral4 0.0598011 0.0156774 0.0582334
1779.01 spiral4 0.0727119 0.0190621 0.0708057
2238.01 spiral1 0.611716 0.206527 0.591064
2588.01 spiral5 0.721789 0.256233 0.696166
3011.01 spiral6 0.765819 0.277597 0.738059
3356.01 spiral7 0.76807 0.278902 0.74018
4370.01 spiral11 0.8058 0.316846 0.774116
4707.02 spiral11 0.827871 0.339041 0.793967
5044.02 spiral11 0.840782 0.352025 0.805579
5381.02 spiral11 0.848334 0.35962 0.812372
5718.02 spiral11 0.852752 0.364063 0.816346
