0 init 0 0 0
1582 spiral4 0.592905 0.20193 0.572712
1903 spiral1 0.74639 0.258327 0.720557
2240.01 spiral1 0.786122 0.272926 0.758829
2577.01 spiral1 0.796407 0.276705 0.768737
2914.01 spiral3 0.798072 0.277453 0.770326
3239.01 spiral6 0.798502 0.277662 0.770736
3682.01 spiral5 0.799168 0.278035 0.771364
4481.02 spiral12 0.873281 0.352859 0.837995
4818.02 spiral12 0.892467 0.372228 0.855244
5155.02 spiral12 0.897433 0.377242 0.859709
5492.02 spiral12 0.898719 0.37854 0.860865
5829.02 spiral12 0.899052 0.378876 0.861164
6166.02 spiral12 0.899138 0.378963 0.861242
