0 init 0 0 0
1582 spiral4 0.592905 0.20193 0.572712
1903 spiral1 0.74639 0.258327 0.720557
2240.01 spiral1 0.786122 0.272926 0.758829
2577.01 spiral1 0.796407 0.276705 0.768737
2914.01 spiral3 0.798072 0.277453 0.770326
3239.01 spiral6 0.798502 0.277662 0.770736
3678.01 spiral7 0.799168 0.278061 0.771362
4101.01 spiral8 0.799193 0.278081 0.771385
4438.02 spiral8 0.799208 0.278093 0.771398
4968.02 spiral9 0.799233 0.278116 0.771421
5305.02 spiral9 0.799247 0.278129 0.771434
5642.02 spiral9 0.799256 0.278137 0.771442
6028.02 spiral11 0.799258 0.27814 0.771444
6365.03 spiral11 0.79926 0.278141 0.771446
