0 init 0 0 0
1667 spiral1 0.539004 0.182918 0.520713
1991 spiral3 0.678536 0.234983 0.655038
2577.01 spiral2 0.791726 0.28074 0.763652
2914.01 spiral2 0.857939 0.307506 0.827189
3470.01 spiral5 0.866969 0.312297 0.83574
3907.01 spiral8 0.878367 0.32104 0.846263
4774.01 spiral11 0.901422 0.342652 0.867157
5111.02 spiral11 0.907391 0.348247 0.872566
5741.02 spiral15 0.920301 0.361389 0.884162
6078.02 spiral15 0.927854 0.369076 0.890946
6415.02 spiral15 0.932272 0.373573 0.894914
6752.02 spiral15 0.934856 0.376204 0.897236
