0 init 0 0 0
1667 spiral1 0.539004 0.182918 0.520713
1991 spiral3 0.678536 0.234983 0.655038
2356.01 spiral1 0.714656 0.247241 0.689932
2680.01 spiral3 0.724007 0.25073 0.698934
3010.01 spiral6 0.72552 0.251383 0.700381
3355.01 spiral4 0.726014 0.251628 0.700851
3764.01 spiral7 0.726619 0.251977 0.701421
4197.01 spiral8 0.726632 0.251987 0.701433
4534.02 spiral8 0.726633 0.251988 0.701434
4871.02 spiral8 0.726633 0.251988 0.701434
5187.02 spiral10 0.726635 0.25199 0.701436
5641.02 spiral9 0.726638 0.251993 0.701439
5978.02 spiral9 0.72664 0.251994 0.701441
6315.03 spiral9 0.726641 0.251995 0.701441
6670.03 spiral12 0.726644 0.251998 0.701444
