0 init 0 0 0
1667 spiral1 0.539004 0.182918 0.520713
1991 spiral3 0.678536 0.234983 0.655038
2356.01 spiral1 0.714656 0.247241 0.689932
2680.01 spiral3 0.724007 0.25073 0.698934
3010.01 spiral6 0.72552 0.251383 0.700381
3355.01 spiral4 0.726014 0.251628 0.700851
4445 spiral11 0.793389 0.314787 0.761911
4782 spiral11 0.810831 0.331137 0.777717
5412.01 spiral15 0.848561 0.369543 0.811607
5749.01 spiral15 0.870632 0.392009 0.831431
6086.01 spiral15 0.883543 0.405151 0.843028
6423.01 spiral15 0.891095 0.412839 0.849811
6760.01 spiral15 0.895513 0.417336 0.85378
