0 init 0 0 0
1535 spiral4 0.539004 0.171994 0.521805
1865 spiral1 0.715121 0.23286 0.691835
2202.01 spiral1 0.726488 0.236789 0.70281
2539.01 spiral1 0.727222 0.237042 0.703518
2890.01 spiral3 0.727246 0.237053 0.70354
3281.01 spiral6 0.72725 0.237055 0.703545
3618.01 spiral6 0.72725 0.237056 0.703545
4097.01 spiral9 0.72725 0.237056 0.703545
4434.02 spiral9 0.72725 0.237056 0.703545
4771.02 spiral9 0.72725 0.237056 0.703545
5108.02 spiral9 0.72725 0.237056 0.703545
5520.02 spiral14 0.72725 0.237056 0.703545
5857.02 spiral14 0.72725 0.237056 0.703545
6257.03 spiral8 0.727251 0.237056 0.703546
