0 init 0 0 0
1702 spiral1 0.748365 0.285664 0.719799
2249 spiral2 0.831371 0.319654 0.799406
2586.01 spiral2 0.879927 0.339538 0.845974
2923.01 spiral2 0.908331 0.351169 0.873214
3454.01 spiral5 0.920407 0.357892 0.884618
3901.01 spiral9 0.932482 0.368157 0.895667
4207.01 spiral8 0.935507 0.370988 0.898408
4544.02 spiral8 0.937276 0.372644 0.900012
4937.02 spiral11 0.938193 0.373561 0.900837
5328.02 spiral10 0.940872 0.376321 0.90324
5681.02 spiral12 0.94355 0.379007 0.90565
6018.02 spiral12 0.945117 0.380578 0.90706
6435.02 spiral10 0.946684 0.382193 0.908465
