0 init 0 0 0
1689 spiral4 0.592905 0.223627 0.570542
2012 spiral1 0.786633 0.297576 0.756876
2349.01 spiral1 0.799137 0.302349 0.768902
2896.01 spiral2 0.882144 0.33634 0.84851
3427.01 spiral5 0.882345 0.336452 0.8487
3743.01 spiral7 0.882351 0.336456 0.848705
4166.01 spiral9 0.882552 0.336627 0.84889
4503.02 spiral9 0.882565 0.336638 0.848902
4840.02 spiral9 0.882566 0.336639 0.848902
5177.02 spiral9 0.882566 0.336639 0.848902
5483.02 spiral8 0.882611 0.336681 0.848943
5820.02 spiral8 0.882637 0.336705 0.848967
6276.02 spiral10 0.882682 0.336751 0.849007
