0 init 0 0 0
1196 spiral4 0.255124 0.0646222 0.248662
1510 spiral1 0.26243 0.0670116 0.255729
1847.01 spiral1 0.266704 0.0684092 0.259863
2184.01 spiral1 0.269204 0.0692268 0.262281
2521.01 spiral1 0.270666 0.0697051 0.263696
3086.01 spiral7 0.405417 0.136903 0.391727
3393.01 spiral9 0.4403 0.155961 0.424704
3828.01 spiral10 0.553491 0.249492 0.528541
4165.02 spiral10 0.619703 0.304205 0.589283
4502.02 spiral10 0.658436 0.33621 0.624815
4839.02 spiral10 0.681093 0.354932 0.6456
5176.02 spiral10 0.694347 0.365884 0.657758
5687.02 spiral11 0.769807 0.431216 0.726686
