0 init 0 0 0
1196 spiral4 0.255124 0.0646222 0.248662
1719 spiral3 0.794129 0.220053 0.772124
2050.01 spiral2 0.93366 0.262279 0.907432
2396.01 spiral5 0.965266 0.27448 0.937818
2733.01 spiral5 0.973447 0.277638 0.945683
3113.01 spiral6 0.975357 0.278603 0.947497
4091 spiral14 0.979705 0.282572 0.951448
4428 spiral14 0.980831 0.2836 0.952471
5067.01 spiral15 0.983266 0.286106 0.954656
5404.01 spiral15 0.984691 0.287572 0.955934
5741.01 spiral15 0.985524 0.28843 0.956681
6078.01 spiral15 0.986012 0.288931 0.957119
6415.01 spiral15 0.986297 0.289225 0.957374
