0 init 0 0 0
1196 spiral4 0.255124 0.0646222 0.248662
1510 spiral1 0.26243 0.0670116 0.255729
1847.01 spiral1 0.266704 0.0684092 0.259863
2184.01 spiral1 0.269204 0.0692268 0.262281
2739.01 spiral5 0.740833 0.251299 0.715703
3182.01 spiral7 0.775716 0.268695 0.748846
3489.01 spiral9 0.784746 0.273628 0.757383
3931.01 spiral12 0.828775 0.306858 0.798089
4240.02 spiral10 0.839803 0.315971 0.808206
4751.02 spiral11 0.859337 0.332883 0.826049
5088.02 spiral11 0.870764 0.342776 0.836486
5425.02 spiral11 0.877448 0.348563 0.842592
