0 init 0 0 0
1442 spiral16 0.0830064 0.0224753 0.0807589
1779 spiral16 0.131562 0.0356227 0.128
2116.01 spiral16 0.159966 0.0433135 0.155635
2483.01 spiral18 0.308192 0.0949396 0.298699
2820.01 spiral18 0.346564 0.108304 0.335733
3519.01 spiral20 0.720746 0.279205 0.692826
4090.01 spiral22 0.726309 0.282221 0.698087
4756.02 spiral24 0.738384 0.29058 0.709326
5093.02 spiral24 0.739164 0.291119 0.710052
5475.02 spiral26 0.739214 0.291158 0.710098
5814.02 spiral31 0.739217 0.291161 0.710101
6214.02 spiral28 0.739217 0.291161 0.710101
6551.02 spiral28 0.739217 0.291161 0.710101
6959.03 spiral30 0.739217 0.291161 0.710101
7296.03 spiral30 0.739217 0.291161 0.710101
