0 init 0 0 0
1442 spiral16 0.0830064 0.0224753 0.0807589
1779 spiral16 0.131562 0.0356227 0.128
2116.01 spiral16 0.159966 0.0433135 0.155635
2483.01 spiral18 0.308192 0.0949396 0.298699
3167.01 spiral23 0.682375 0.257119 0.656663
3504.01 spiral20 0.706526 0.26815 0.679711
3943.01 spiral27 0.707306 0.268592 0.680446
4280.01 spiral27 0.707356 0.26862 0.680494
4736.02 spiral24 0.708135 0.26916 0.681219
5073.02 spiral24 0.708186 0.269195 0.681266
5455.02 spiral26 0.708189 0.269197 0.681269
5794.02 spiral31 0.708189 0.269197 0.681269
6194.02 spiral28 0.708189 0.269197 0.681269
6531.03 spiral28 0.708189 0.269197 0.681269
6939.03 spiral30 0.708189 0.269197 0.681269
7276.03 spiral30 0.708189 0.269197 0.681269
