0 init 0 0 0
1673 spiral1 0.592905 0.221074 0.570797
1997 spiral3 0.74639 0.284056 0.717984
2362.01 spiral1 0.786122 0.29887 0.756235
2686.01 spiral3 0.796407 0.303091 0.766098
3053.01 spiral4 0.798508 0.304233 0.768085
3390.01 spiral4 0.798643 0.304306 0.768213
4006 spiral7 0.798646 0.304308 0.768215
4343 spiral7 0.798647 0.30431 0.768216
4680.01 spiral7 0.798648 0.30431 0.768217
5017.01 spiral7 0.798648 0.304311 0.768217
5354.01 spiral7 0.798649 0.304311 0.768218
5691.01 spiral7 0.798649 0.304311 0.768218
6117.01 spiral8 0.79865 0.304312 0.768218
