0 init 0 0 0
1673 spiral1 0.592905 0.221074 0.570797
1997 spiral3 0.74639 0.284056 0.717984
2362.01 spiral1 0.786122 0.29887 0.756235
2686.01 spiral3 0.796407 0.303091 0.766098
3053.01 spiral4 0.798508 0.304233 0.768085
3487.01 spiral5 0.799173 0.30462 0.768711
4203.01 spiral10 0.892719 0.3792 0.854799
4540.02 spiral10 0.898757 0.384013 0.860356
5289.02 spiral7 0.898793 0.384047 0.860388
5626.02 spiral7 0.898814 0.384066 0.860407
6052.02 spiral8 0.898826 0.384079 0.860418
6389.02 spiral8 0.898833 0.384086 0.860425
