0 init 0 0 0
1049 spiral13 0.0926414 0.0205542 0.090586
1447 spiral12 0.239843 0.0529008 0.234553
1937.01 spiral14 0.425126 0.133256 0.411801
2274.01 spiral14 0.47309 0.154058 0.457684
2857.01 spiral15 0.706954 0.261965 0.680758
3194.01 spiral15 0.722049 0.26893 0.695156
3619.01 spiral18 0.773928 0.295894 0.744338
4007.01 spiral16 0.777404 0.298032 0.747601
4344.02 spiral16 0.779438 0.299282 0.74951
4702.02 spiral17 0.782915 0.302859 0.752629
5039.02 spiral17 0.784948 0.304951 0.754453
5376.02 spiral17 0.786138 0.306175 0.75552
5713.02 spiral17 0.786834 0.306891 0.756145
6050.03 spiral17 0.787241 0.30731 0.75651
6387.03 spiral17 0.787479 0.307555 0.756724
6724.03 spiral17 0.787618 0.307698 0.756849
