0 init 0 0 0
613.001 spiral11 0.741131 0.0495376 0.736177
1049 spiral13 0.765113 0.0548584 0.759627
1447 spiral12 0.803219 0.063232 0.796896
1937.01 spiral14 0.851183 0.0840335 0.84278
2520.01 spiral15 0.911723 0.111967 0.900526
2945.01 spiral18 0.925153 0.118948 0.913258
3282.01 spiral18 0.933009 0.123031 0.920706
3619.01 spiral18 0.937605 0.125419 0.925063
4007.01 spiral16 0.941081 0.127557 0.928326
4344.02 spiral16 0.943115 0.128807 0.930234
4702.02 spiral17 0.946591 0.132384 0.933353
5039.02 spiral17 0.948625 0.134476 0.935178
5376.02 spiral17 0.949815 0.1357 0.936245
5713.02 spiral17 0.950511 0.136416 0.936869
6050.03 spiral17 0.950918 0.136835 0.937234
6387.03 spiral17 0.951156 0.13708 0.937448
6724.03 spiral17 0.951295 0.137223 0.937573
