0 init 0 0 0
764.001 spiral2 0.935456 0.147834 0.920673
1101 spiral2 0.995834 0.157376 0.980097
1438.01 spiral2 0.999731 0.157992 0.983932
1905.01 spiral8 0.999817 0.158011 0.984015
2335.01 spiral7 0.999826 0.158015 0.984024
2672.01 spiral7 0.999826 0.158016 0.984025
3009.01 spiral7 0.999826 0.158016 0.984025
3469.01 spiral6 0.999858 0.158032 0.984055
3806.02 spiral6 0.999877 0.158042 0.984073
4179.02 spiral5 0.999904 0.15806 0.984098
4516.02 spiral5 0.99992 0.15807 0.984113
4853.02 spiral5 0.999929 0.158077 0.984121
5239.02 spiral9 0.999932 0.15808 0.984124
5576.03 spiral9 0.999934 0.158082 0.984126
5913.03 spiral9 0.999935 0.158083 0.984127
6250.03 spiral9 0.999936 0.158084 0.984127
6587.03 spiral9 0.999936 0.158084 0.984128
6924.03 spiral9 0.999936 0.158084 0.984128
