0 init 0 0 0
613.001 spiral11 0.741131 0.0495376 0.736177
1049 spiral13 0.765113 0.0548584 0.759627
1386 spiral13 0.771321 0.0562358 0.765698
1723.01 spiral13 0.772928 0.0565924 0.767269
2149.01 spiral14 0.820892 0.0773939 0.813153
2486.01 spiral14 0.833309 0.0827788 0.825031
2823.01 spiral14 0.836523 0.0841728 0.828106
3160.01 spiral14 0.837355 0.0845336 0.828902
3613.01 spiral16 0.837415 0.0845707 0.828958
3950.02 spiral16 0.837451 0.0845924 0.828991
4287.02 spiral16 0.837471 0.0846051 0.829011
4645.02 spiral17 0.837532 0.0846671 0.829065
4982.02 spiral17 0.837567 0.0847034 0.829096
5319.02 spiral17 0.837587 0.0847246 0.829115
5656.03 spiral17 0.8376 0.0847371 0.829126
5993.03 spiral17 0.837607 0.0847443 0.829132
6330.03 spiral17 0.837611 0.0847486 0.829136
6667.03 spiral17 0.837613 0.0847511 0.829138
