0 init 0 0 0
1111 spiral2 0.233864 0.0511499 0.228749
1448 spiral2 0.248959 0.0544513 0.243513
1861.01 spiral3 0.526883 0.138924 0.51299
2198.01 spiral3 0.598829 0.160791 0.582749
2610.01 spiral4 0.784111 0.238052 0.760306
2947.01 spiral4 0.832075 0.258052 0.80627
3517.01 spiral5 0.842505 0.263494 0.816156
4233 spiral6 0.845982 0.267072 0.819274
4570 spiral6 0.848015 0.269166 0.821099
4907.01 spiral6 0.849205 0.27039 0.822166
5244.01 spiral6 0.849901 0.271106 0.82279
5581.01 spiral6 0.850308 0.271525 0.823155
5918.01 spiral6 0.850546 0.271771 0.823369
6255.01 spiral6 0.850685 0.271914 0.823494
6592.02 spiral6 0.850767 0.271998 0.823567
