0 init 0 0 0
1053 spiral1 0.0926414 0.02008 0.0906334
1390 spiral1 0.116623 0.0252781 0.114096
1727.01 spiral1 0.122832 0.0266238 0.120169
2085.01 spiral3 0.400756 0.111097 0.389646
2476.01 spiral8 0.461296 0.14103 0.447193
2875.01 spiral5 0.476459 0.148942 0.461565
3202.01 spiral8 0.478745 0.150072 0.463738
3551.01 spiral7 0.478778 0.15009 0.463769
4233 spiral6 0.530657 0.203489 0.510308
4570 spiral6 0.561004 0.234725 0.537532
4907.01 spiral6 0.578757 0.252998 0.553457
5244.01 spiral6 0.589141 0.263687 0.562773
5581.01 spiral6 0.595216 0.269939 0.568222
5918.01 spiral6 0.598769 0.273597 0.57141
6255.01 spiral6 0.600848 0.275736 0.573274
6592.02 spiral6 0.602064 0.276988 0.574365
