0 init 0 0 0
1053 spiral1 0.0926414 0.02008 0.0906334
1444 spiral2 0.239843 0.0522755 0.234616
1857.01 spiral3 0.517768 0.136748 0.504093
2194.01 spiral3 0.589714 0.158616 0.573852
2606.01 spiral4 0.774996 0.235876 0.751409
2943.01 spiral4 0.82296 0.255876 0.797373
3513.01 spiral5 0.83339 0.261318 0.807258
4233 spiral6 0.836867 0.264897 0.810377
4570 spiral6 0.8389 0.26699 0.812201
4907.01 spiral6 0.84009 0.268214 0.813268
5244.01 spiral6 0.840786 0.268931 0.813893
5581.01 spiral6 0.841193 0.26935 0.814258
5918.01 spiral6 0.841431 0.269595 0.814472
6255.01 spiral6 0.84157 0.269738 0.814596
6592.02 spiral6 0.841652 0.269822 0.81467
