0 init 0 0 0
1546 spiral4 0.539004 0.192318 0.519773
1877 spiral1 0.678536 0.246142 0.653922
2214.01 spiral1 0.714656 0.260075 0.688649
2551.01 spiral1 0.724007 0.263682 0.697638
2904.01 spiral3 0.72552 0.264441 0.699075
3248.01 spiral6 0.725676 0.264541 0.699222
3585.01 spiral6 0.725717 0.264566 0.69926
3922.01 spiral6 0.725727 0.264573 0.69927
4427.02 spiral12 0.725826 0.264665 0.69936
4764.02 spiral12 0.725833 0.264671 0.699365
5101.02 spiral12 0.725833 0.264671 0.699366
5438.02 spiral12 0.725833 0.264671 0.699366
5760.02 spiral9 0.725833 0.264671 0.699366
