0 init 0 0 0
1704 spiral1 0.592905 0.230663 0.569839
2023 spiral3 0.74639 0.295966 0.716793
2390.01 spiral1 0.786122 0.311424 0.75498
2709.01 spiral3 0.796407 0.3158 0.764827
3030.01 spiral6 0.798072 0.316586 0.766413
3496.01 spiral5 0.798912 0.317084 0.767203
3888.01 spiral8 0.799238 0.317289 0.767509
4280.01 spiral10 0.799255 0.317302 0.767524
4617.02 spiral10 0.799259 0.317306 0.767528
4954.02 spiral10 0.79926 0.317307 0.767529
5364.02 spiral9 0.79926 0.317307 0.767529
5701.02 spiral9 0.79926 0.317307 0.767529
6038.02 spiral9 0.79926 0.317307 0.767529
