0 init 0 0 0
1720 spiral4 0.935456 0.293633 0.906093
2057 spiral4 0.995834 0.312585 0.964576
2394.01 spiral4 0.999731 0.313808 0.96835
2745.01 spiral2 0.999983 0.313899 0.968593
3105.01 spiral3 0.999999 0.313905 0.968608
3521.01 spiral5 1 0.313906 0.968609
3972.01 spiral9 1 0.313906 0.968609
4408.02 spiral14 1 0.313906 0.968609
4745.02 spiral14 1 0.313906 0.968609
5199.02 spiral16 1 0.313906 0.968609
5536.02 spiral16 1 0.313906 0.968609
5888.02 spiral13 1 0.313906 0.968609
6225.02 spiral13 1 0.313906 0.968609
6616.03 spiral15 1 0.313906 0.968609
7038.03 spiral17 1 0.313906 0.968609
