0 init 0 0 0
1567 spiral4 0.539004 0.189552 0.520049
1897 spiral1 0.715121 0.256522 0.689469
2234.01 spiral1 0.726488 0.260844 0.700404
2571.01 spiral1 0.727222 0.261123 0.70111
2913.01 spiral3 0.727246 0.261134 0.701132
3339.01 spiral7 0.727255 0.26114 0.701141
3676.01 spiral7 0.727257 0.261142 0.701143
4107.01 spiral8 0.727259 0.261144 0.701145
4444.02 spiral8 0.727261 0.261145 0.701146
4781.02 spiral8 0.727261 0.261145 0.701147
5118.02 spiral8 0.727262 0.261146 0.701147
5455.02 spiral8 0.727262 0.261146 0.701147
5852.02 spiral14 0.727262 0.261146 0.701147
6189.03 spiral14 0.727262 0.261146 0.701147
