0 init 0 0 0
1700 spiral2 0.748365 0.288523 0.719513
2268 spiral1 0.831371 0.326915 0.79868
2605.01 spiral1 0.879927 0.349373 0.84499
2942.01 spiral1 0.908331 0.362511 0.87208
3505.01 spiral5 0.917898 0.368079 0.88109
3810.01 spiral7 0.920375 0.36964 0.883411
4133.01 spiral6 0.934726 0.379087 0.896817
4563.02 spiral8 0.937404 0.381658 0.899239
5168.02 spiral9 0.94053 0.384321 0.902098
5623.02 spiral10 0.943209 0.387081 0.904501
5983.02 spiral8 0.944776 0.388584 0.905918
6404.02 spiral10 0.946343 0.390199 0.907323
