0 init 0 0 0
1700 spiral2 0.748365 0.288523 0.719513
2030 spiral3 0.786633 0.303269 0.756306
2375.01 spiral2 0.799137 0.308089 0.768328
2943.01 spiral1 0.882144 0.346482 0.847495
3506.01 spiral5 0.882304 0.346575 0.847646
3811.01 spiral7 0.882345 0.346601 0.847685
4250.01 spiral9 0.882547 0.346773 0.847869
4587.02 spiral9 0.88256 0.346784 0.847881
4924.02 spiral9 0.882561 0.346785 0.847882
5379.02 spiral10 0.882605 0.346831 0.847922
5716.02 spiral10 0.882631 0.346858 0.847946
6053.02 spiral10 0.882647 0.346873 0.847959
6390.02 spiral10 0.882656 0.346883 0.847967
