0 init 0 0 0
1841 spiral4 0.247044 0.0849002 0.238554
2178 spiral4 0.310996 0.106878 0.300308
2515.01 spiral4 0.327551 0.112568 0.316294
2852.01 spiral4 0.331836 0.11404 0.320432
3195.01 spiral2 0.332946 0.114472 0.321499
4240.01 spiral8 0.644765 0.308383 0.613926
4577.01 spiral8 0.664891 0.320899 0.632801
5342 spiral9 0.66592 0.321953 0.633724
5679 spiral9 0.666186 0.322226 0.633963
6016.01 spiral9 0.666255 0.322297 0.634025
6353.01 spiral9 0.666273 0.322315 0.634041
6690.01 spiral9 0.666278 0.32232 0.634046
7027.01 spiral9 0.666279 0.322321 0.634047
7364.01 spiral9 0.666279 0.322321 0.634047
