0 init 0 0 0
1841 spiral4 0.247044 0.0849002 0.238554
2178 spiral4 0.310996 0.106878 0.300308
2515.01 spiral4 0.327551 0.112568 0.316294
2852.01 spiral4 0.331836 0.11404 0.320432
3195.01 spiral2 0.332946 0.114472 0.321499
3702.01 spiral5 0.333233 0.114625 0.321771
4039.01 spiral5 0.333307 0.114664 0.321841
4418.02 spiral10 0.333327 0.114676 0.321859
5692.02 spiral9 0.58037 0.367804 0.54359
6029.02 spiral9 0.644322 0.433331 0.600989
6366.02 spiral9 0.660877 0.450294 0.615848
6703.02 spiral9 0.665163 0.454685 0.619695
7040.02 spiral9 0.666272 0.455822 0.62069
7377.03 spiral9 0.66656 0.456116 0.620948
