0 init 0 0 0
1605 spiral4 0.680332 0.24218 0.656114
1919 spiral2 0.715121 0.255127 0.689609
2256.01 spiral2 0.724127 0.258478 0.698279
2593.01 spiral2 0.726458 0.259346 0.700524
2943.01 spiral5 0.726836 0.259525 0.700883
3274.01 spiral8 0.726933 0.259574 0.700976
3715.01 spiral9 0.727009 0.259619 0.701047
4139.01 spiral11 0.727021 0.25963 0.701058
4476.02 spiral11 0.727022 0.25963 0.701059
4998.02 spiral10 0.727028 0.259636 0.701064
5335.02 spiral10 0.727031 0.259639 0.701067
5672.02 spiral10 0.727033 0.259641 0.701069
6059.02 spiral12 0.727034 0.259641 0.70107
6396.03 spiral12 0.727034 0.259641 0.70107
