0 init 0 0 0
1544 spiral4 0.539004 0.183684 0.520636
1869 spiral1 0.678536 0.235374 0.654999
2206.01 spiral1 0.714656 0.248755 0.689781
2543.01 spiral1 0.724007 0.252219 0.698785
2888.01 spiral3 0.72552 0.252909 0.700229
3216.01 spiral6 0.725911 0.253102 0.700601
3649.01 spiral7 0.726214 0.253291 0.700885
3986.01 spiral7 0.726292 0.25334 0.700958
4429.02 spiral11 0.726315 0.253361 0.700979
4766.02 spiral11 0.726328 0.253373 0.700991
5103.02 spiral11 0.726336 0.25338 0.700998
5440.02 spiral11 0.72634 0.253384 0.701002
5833.02 spiral14 0.726352 0.253395 0.701012
6238.03 spiral10 0.726363 0.253406 0.701022
