0 init 0 0 0
1484 spiral2 0.113191 0.042805 0.10891
1821 spiral2 0.179403 0.0678446 0.172619
2158.01 spiral2 0.218136 0.0824919 0.209887
2495.01 spiral2 0.240793 0.0910601 0.231687
3022.01 spiral4 0.410876 0.171608 0.393715
3379.01 spiral7 0.415225 0.174238 0.397801
3716.01 spiral7 0.41635 0.174919 0.398859
4143.01 spiral9 0.586433 0.312004 0.555233
4480.02 spiral9 0.597411 0.320852 0.565326
4817.02 spiral9 0.59812 0.321423 0.565977
5310.02 spiral8 0.67358 0.388553 0.634725
5668.02 spiral10 0.717722 0.433316 0.67439
6005.02 spiral10 0.743544 0.4595 0.697594
