0 init 0 0 0
1484 spiral2 0.113191 0.042805 0.10891
1821 spiral2 0.179403 0.0678446 0.172619
2158.01 spiral2 0.218136 0.0824919 0.209887
2495.01 spiral2 0.240793 0.0910601 0.231687
3077.01 spiral6 0.577671 0.251636 0.552507
3507.01 spiral7 0.645046 0.292378 0.615809
3844.01 spiral7 0.662488 0.302925 0.632195
4271.01 spiral9 0.706517 0.338412 0.672676
4608.02 spiral9 0.709359 0.340702 0.675289
5101.02 spiral8 0.728893 0.35808 0.693085
5459.02 spiral10 0.74032 0.369668 0.703353
5884.02 spiral11 0.750087 0.379318 0.712155
6282.02 spiral10 0.756772 0.386096 0.718162
