0 init 0 0 0
1435 spiral4 0.561274 0.150258 0.546248
1761 spiral1 0.585425 0.157873 0.569638
2098.01 spiral1 0.586984 0.158365 0.571147
2458.01 spiral8 0.587084 0.158404 0.571244
2795.01 spiral8 0.587091 0.158407 0.57125
3133.01 spiral6 0.587091 0.158407 0.571251
3521.01 spiral7 0.587091 0.158407 0.571251
3858.01 spiral7 0.587091 0.158407 0.571251
4195.02 spiral7 0.587091 0.158407 0.571251
4773.02 spiral14 0.599167 0.167024 0.582464
5099.02 spiral12 0.599513 0.167286 0.582784
6033.02 spiral11 0.747739 0.308254 0.716913
6370.02 spiral11 0.78611 0.344746 0.751635
6729.03 spiral13 0.791673 0.350458 0.756627
