0 init 0 0 0
1435 spiral4 0.561274 0.150258 0.546248
1761 spiral1 0.585425 0.157873 0.569638
2098.01 spiral1 0.586984 0.158365 0.571147
2784.01 spiral2 0.961166 0.299173 0.931249
3168.01 spiral5 0.985317 0.31088 0.954229
3505.01 spiral5 0.986876 0.311636 0.955713
4307.01 spiral10 0.998952 0.319127 0.967039
4740.02 spiral14 0.999731 0.319683 0.967763
5066.02 spiral12 0.999753 0.3197 0.967783
6000.02 spiral11 0.999793 0.319738 0.967819
6337.02 spiral11 0.999804 0.319748 0.967829
6696.02 spiral13 0.999805 0.319749 0.96783
