0 init 0 0 0
1035 spiral4 0.280637 0.043707 0.276266
1372 spiral4 0.29875 0.046528 0.294097
1709.01 spiral4 0.299919 0.0467101 0.295248
2166.01 spiral1 0.954739 0.195717 0.935167
2507.01 spiral5 0.973873 0.201249 0.953748
2844.01 spiral5 0.978826 0.202681 0.958558
3284.01 spiral7 0.988393 0.206119 0.967781
3588.01 spiral9 0.99087 0.207093 0.970161
4026.02 spiral10 0.991274 0.207311 0.970543
4443.02 spiral13 0.991454 0.207425 0.970711
4911.02 spiral11 0.991633 0.207548 0.970879
5435.02 spiral13 0.991738 0.207615 0.970977
5772.02 spiral13 0.9918 0.207654 0.971034
6240.03 spiral11 0.991905 0.207726 0.971132
