0 init 0 0 0
1035 spiral4 0.280637 0.043707 0.276266
1372 spiral4 0.29875 0.046528 0.294097
1709.01 spiral4 0.299919 0.0467101 0.295248
2083.01 spiral2 0.299953 0.0467184 0.295281
2420.01 spiral2 0.299972 0.0467232 0.2953
2790.01 spiral3 0.29998 0.0467259 0.295307
3127.01 spiral3 0.299985 0.0467274 0.295312
3464.01 spiral3 0.299987 0.0467283 0.295314
4195.02 spiral10 0.393533 0.0972496 0.383808
4532.02 spiral10 0.399571 0.10051 0.389519
4869.02 spiral10 0.39996 0.100721 0.389888
5286.02 spiral13 0.441463 0.127102 0.428753
5623.02 spiral13 0.465741 0.142534 0.451488
6091.03 spiral11 0.507245 0.171012 0.490143
7552.03 spiral15 0.507246 0.171014 0.490145
7889.03 spiral15 0.507246 0.171014 0.490145
8226.03 spiral15 0.507246 0.171014 0.490145
8576.03 spiral17 0.507247 0.171014 0.490145
8922.04 spiral14 0.507247 0.171014 0.490145
