0 init 0 0 0
1701 spiral1 0.658783 0.242659 0.634517
2022 spiral3 0.829322 0.311312 0.79819
2388.01 spiral1 0.873469 0.327573 0.840711
2709.01 spiral3 0.884897 0.332174 0.85168
3032.01 spiral6 0.887486 0.333325 0.854153
3400.01 spiral8 0.887677 0.33344 0.854333
3737.01 spiral8 0.887727 0.33347 0.85438
4172.01 spiral12 0.88773 0.333473 0.854383
4500.02 spiral10 0.887732 0.333475 0.854385
4837.02 spiral10 0.887734 0.333476 0.854386
5174.02 spiral10 0.887734 0.333477 0.854387
5522.02 spiral12 0.887735 0.333477 0.854387
6053.02 spiral11 0.887788 0.333532 0.854435
6390.03 spiral11 0.88782 0.333564 0.854463
