0 init 0 0 0
456.001 spiral1 0.415032 0.13219 0.401813
793.003 spiral1 0.657812 0.209516 0.636861
1130.01 spiral1 0.799831 0.25475 0.774356
1467.01 spiral1 0.882908 0.28121 0.854787
1804.01 spiral1 0.931505 0.296689 0.901836
2235.01 spiral3 0.940981 0.301613 0.910819
2712.01 spiral2 0.950457 0.311566 0.9193
3049.01 spiral2 0.956 0.317389 0.924261
3386.02 spiral2 0.959242 0.320795 0.927163
3723.02 spiral2 0.961139 0.322787 0.92886
4060.02 spiral2 0.962249 0.323952 0.929853
4397.02 spiral2 0.962898 0.324634 0.930434
