0 init 0 0 0
1658 spiral1 0.539004 0.207154 0.518289
1976 spiral3 0.678536 0.266385 0.651897
2349.01 spiral1 0.714656 0.280267 0.68663
2907.01 spiral2 0.827847 0.329073 0.79494
3288.01 spiral4 0.871989 0.351519 0.836837
4007.01 spiral6 0.875495 0.354059 0.840089
4344.01 spiral6 0.876403 0.354716 0.840931
4756.02 spiral12 0.876447 0.35476 0.840971
5093.02 spiral12 0.876472 0.354785 0.840994
5430.02 spiral12 0.876487 0.3548 0.841007
5767.02 spiral12 0.876496 0.354809 0.841015
6098.02 spiral9 0.876501 0.354814 0.84102
