0 init 0 0 0
1438 spiral1 0.680332 0.227205 0.657611
1775 spiral1 0.724243 0.24187 0.700056
2322.01 spiral2 0.761973 0.254229 0.73655
2709.01 spiral3 0.837434 0.293245 0.808109
3046.01 spiral3 0.881575 0.316068 0.849969
3383.01 spiral3 0.907397 0.329419 0.874455
3936.01 spiral12 0.920884 0.342234 0.88666
4273.01 spiral12 0.924375 0.345551 0.88982
4795.02 spiral14 0.931927 0.353339 0.896593
5132.02 spiral14 0.936345 0.357895 0.900556
5469.02 spiral14 0.938929 0.36056 0.902873
5806.02 spiral14 0.940441 0.362119 0.904229
