0 init 0 0 0
1327 spiral2 0.0377302 0.0123591 0.0364943
1664 spiral2 0.0598011 0.0195888 0.0578422
2136.01 spiral4 0.598806 0.196318 0.579174
2468.01 spiral5 0.752908 0.258334 0.727074
3128.01 spiral3 0.828368 0.29735 0.798633
3465.01 spiral3 0.87251 0.320173 0.840493
4018.01 spiral12 0.895565 0.34208 0.861357
4355.01 spiral12 0.901533 0.347751 0.866758
4692.02 spiral12 0.903078 0.349219 0.868156
5214.02 spiral14 0.915989 0.362533 0.879736
5551.02 spiral14 0.923542 0.370321 0.886509
5888.02 spiral14 0.927959 0.374877 0.890472
