0 init 0 0 0
1327 spiral2 0.0377302 0.0123591 0.0364943
1664 spiral2 0.0598011 0.0195888 0.0578422
2001.01 spiral2 0.0727119 0.023818 0.0703301
2338.01 spiral2 0.0802643 0.0262919 0.0776351
2725.01 spiral3 0.155725 0.0653078 0.149194
3062.01 spiral3 0.199867 0.0881309 0.191054
3399.01 spiral3 0.225688 0.101482 0.21554
3952.01 spiral12 0.239175 0.114296 0.227745
4289.02 spiral12 0.242666 0.117614 0.230905
4626.02 spiral12 0.24357 0.118473 0.231722
4963.02 spiral12 0.243804 0.118695 0.231934
5485.02 spiral14 0.251356 0.126483 0.238708
5822.02 spiral14 0.255774 0.131039 0.24267
