0 init 0 0 0
1706 spiral1 0.592905 0.220606 0.570844
2025 spiral3 0.74639 0.282827 0.718107
2392.01 spiral1 0.786122 0.29761 0.756361
2711.01 spiral3 0.796407 0.30178 0.766229
3035.01 spiral6 0.798072 0.302562 0.767815
3484.01 spiral5 0.798912 0.303012 0.768611
4026.01 spiral8 0.799008 0.3031 0.768698
4363.01 spiral8 0.799065 0.303152 0.768749
4700.02 spiral8 0.799098 0.303182 0.768779
5037.02 spiral8 0.799117 0.303199 0.768797
5374.02 spiral8 0.799128 0.30321 0.768807
5711.02 spiral8 0.799135 0.303216 0.768813
6189.02 spiral11 0.799183 0.303265 0.768857
