0 init 0 0 0
1706 spiral1 0.592905 0.220606 0.570844
2043 spiral1 0.74639 0.277714 0.718618
2602.01 spiral2 0.829396 0.313541 0.798042
2939.01 spiral2 0.877952 0.334499 0.844502
3354.01 spiral4 0.909962 0.35363 0.874599
4121.01 spiral9 0.915525 0.35856 0.879669
4458.01 spiral9 0.918779 0.361444 0.882634
4795.02 spiral9 0.920682 0.363132 0.884369
5315.02 spiral8 0.926245 0.368221 0.889422
5652.02 spiral8 0.929498 0.371199 0.892379
6130.02 spiral11 0.93228 0.374061 0.894874
6467.02 spiral11 0.933907 0.375736 0.896333
