0 init 0 0 0
1499 spiral4 0.539004 0.184264 0.520578
1836 spiral4 0.678536 0.231964 0.65534
2173.01 spiral4 0.714656 0.244312 0.690225
2731.01 spiral2 0.827847 0.289856 0.798861
3273.01 spiral5 0.830797 0.291404 0.801657
3604.01 spiral7 0.830873 0.291451 0.801728
3941.01 spiral7 0.830892 0.291464 0.801746
4363.01 spiral8 0.833843 0.293883 0.804455
4700.02 spiral8 0.834033 0.294039 0.804629
5021.02 spiral9 0.834039 0.294044 0.804634
5421.02 spiral12 0.834693 0.294684 0.805225
5758.02 spiral12 0.835076 0.295059 0.80557
6147.02 spiral10 0.835731 0.295734 0.806157
