0 init 0 0 0
1207 spiral4 0.0850415 0.0215375 0.0828877
1523 spiral2 0.162937 0.0507423 0.157863
1860.01 spiral2 0.208504 0.0678262 0.201721
2197.01 spiral2 0.235158 0.0778197 0.227376
2534.01 spiral2 0.250751 0.0836656 0.242384
3122.01 spiral8 0.520253 0.211642 0.499089
3684.01 spiral10 0.557983 0.240792 0.533904
4021.01 spiral10 0.580054 0.257844 0.55427
4358.02 spiral10 0.592965 0.267819 0.566183
4695.02 spiral10 0.600517 0.273654 0.573152
5017.02 spiral11 0.620052 0.290776 0.590974
5540.02 spiral9 0.639586 0.308885 0.608697
