0 init 0 0 0
1207 spiral4 0.0850415 0.0215375 0.0828877
1523 spiral2 0.162937 0.0507423 0.157863
1860.01 spiral2 0.208504 0.0678262 0.201721
2197.01 spiral2 0.235158 0.0778197 0.227376
2534.01 spiral2 0.250751 0.0836656 0.242384
2907.01 spiral3 0.255454 0.0860877 0.246845
3244.01 spiral3 0.258205 0.0875045 0.249454
3791.01 spiral12 0.260904 0.0898374 0.251921
4128.02 spiral12 0.261603 0.0904413 0.252559
4465.02 spiral12 0.261784 0.0905976 0.252724
4802.02 spiral12 0.261831 0.0906381 0.252767
5378.02 spiral13 0.262051 0.0908648 0.252965
5715.02 spiral13 0.262065 0.0908795 0.252977
6052.03 spiral13 0.262066 0.0908804 0.252978
