0 init 0 0 0
498.001 spiral1 0.741131 0.0651163 0.734619
835.003 spiral1 0.932987 0.0819728 0.92479
1243.01 spiral4 0.948659 0.0855508 0.940104
1559.01 spiral2 0.94946 0.0857605 0.940884
1925.01 spiral3 0.974293 0.0940768 0.964885
2262.01 spiral3 0.980721 0.0962297 0.971098
2652.01 spiral6 0.982822 0.0973811 0.973084
2989.01 spiral6 0.982957 0.0974554 0.973212
3326.02 spiral6 0.982966 0.0974602 0.97322
3831 spiral5 0.986443 0.10105 0.976338
4168 spiral5 0.988476 0.103149 0.978162
4505.01 spiral5 0.989666 0.104377 0.979228
4842.01 spiral5 0.990362 0.105096 0.979852
5179.01 spiral5 0.990769 0.105516 0.980217
5516.01 spiral5 0.991007 0.105762 0.980431
5853.01 spiral5 0.991147 0.105906 0.980556
6190.02 spiral5 0.991228 0.10599 0.980629
