0 init 0 0 0
498.001 spiral1 0.741131 0.0651163 0.734619
835.003 spiral1 0.932987 0.0819728 0.92479
1243.01 spiral4 0.948659 0.0855508 0.940104
1580.01 spiral4 0.94967 0.0857818 0.941092
1965.01 spiral3 0.974503 0.0940981 0.965093
2355.01 spiral6 0.982617 0.098546 0.972762
2692.01 spiral6 0.983141 0.0988331 0.973257
3029.01 spiral6 0.983175 0.0988516 0.973289
3366.02 spiral6 0.983177 0.0988528 0.973292
3716.02 spiral8 0.983177 0.0988528 0.973292
4053.02 spiral8 0.983177 0.0988529 0.973292
4531.02 spiral5 0.986653 0.102442 0.976409
4868.02 spiral5 0.988687 0.104542 0.978233
5205.03 spiral5 0.989877 0.10577 0.9793
5542.03 spiral5 0.990573 0.106489 0.979924
5879.03 spiral5 0.99098 0.106909 0.980289
6216.03 spiral5 0.991218 0.107155 0.980502
