0 init 0 0 0
498.001 spiral1 0.741131 0.0651163 0.734619
835.003 spiral1 0.932987 0.0819728 0.92479
1243.01 spiral4 0.948659 0.0855508 0.940104
1580.01 spiral4 0.94967 0.0857818 0.941092
1965.01 spiral3 0.974503 0.0940981 0.965093
2355.01 spiral6 0.982617 0.098546 0.972762
2692.01 spiral6 0.983141 0.0988331 0.973257
3831 spiral5 0.986617 0.102422 0.976375
4168 spiral5 0.988651 0.104522 0.978199
4505.01 spiral5 0.989841 0.10575 0.979266
4842.01 spiral5 0.990537 0.106469 0.97989
5179.01 spiral5 0.990944 0.106889 0.980255
5516.01 spiral5 0.991182 0.107135 0.980468
5853.01 spiral5 0.991321 0.107279 0.980593
6190.02 spiral5 0.991403 0.107363 0.980666
