0 init 0 0 0
1388 spiral4 0.680332 0.20639 0.659693
1704 spiral1 0.715121 0.217974 0.693324
2041.01 spiral1 0.724127 0.220973 0.70203
2378.01 spiral1 0.726458 0.22175 0.704283
2987.01 spiral3 0.801919 0.260491 0.77587
3324.01 spiral3 0.846061 0.283154 0.817745
4152 spiral11 0.869116 0.305347 0.838581
4489 spiral11 0.875084 0.311092 0.843975
4826.01 spiral11 0.876629 0.312579 0.845371
5363.01 spiral14 0.905729 0.3416 0.871569
5700.01 spiral14 0.907607 0.343473 0.87326
6045.01 spiral15 0.907661 0.343527 0.873308
