0 init 0 0 0
1388 spiral4 0.680332 0.20639 0.659693
1704 spiral1 0.715121 0.217974 0.693324
2041.01 spiral1 0.724127 0.220973 0.70203
2378.01 spiral1 0.726458 0.22175 0.704283
2720.01 spiral5 0.727125 0.222026 0.704922
3386.01 spiral3 0.802585 0.260768 0.776509
4110.01 spiral9 0.802598 0.260778 0.77652
4447.02 spiral9 0.802598 0.260778 0.776521
4784.02 spiral9 0.802598 0.260779 0.776521
5208.02 spiral13 0.802601 0.260781 0.776523
5545.02 spiral13 0.802603 0.260783 0.776525
5927.02 spiral10 0.802606 0.260785 0.776527
6264.02 spiral10 0.802607 0.260787 0.776528
