0 init 0 0 0
1554 spiral2 0.113191 0.0302483 0.110166
1891 spiral2 0.179403 0.0479425 0.174609
2228.01 spiral2 0.218136 0.0582931 0.212306
2565.01 spiral2 0.240793 0.0643478 0.234358
2902.01 spiral2 0.254047 0.0678897 0.247258
3465.01 spiral5 0.388798 0.120159 0.376782
3768.01 spiral7 0.423681 0.134849 0.410196
4205.01 spiral8 0.593764 0.231721 0.570592
4516.02 spiral9 0.636364 0.258103 0.610554
4853.02 spiral9 0.661284 0.273535 0.633931
5190.02 spiral9 0.675862 0.282563 0.647606
5731.02 spiral10 0.713592 0.309478 0.682644
6068.02 spiral10 0.735663 0.325223 0.703141
6405.03 spiral10 0.748574 0.334433 0.71513
7898.03 spiral13 0.753189 0.339142 0.719274
8235.03 spiral13 0.754383 0.340362 0.720347
8572.03 spiral13 0.754693 0.340677 0.720625
8909.03 spiral13 0.754773 0.340759 0.720697
