0 init 0 0 0
1554 spiral2 0.113191 0.0302483 0.110166
1891 spiral2 0.179403 0.0479425 0.174609
2228.01 spiral2 0.218136 0.0582931 0.212306
2565.01 spiral2 0.240793 0.0643478 0.234358
2902.01 spiral2 0.254047 0.0678897 0.247258
3465.01 spiral5 0.388798 0.120159 0.376782
3768.01 spiral7 0.423681 0.134849 0.410196
4198.01 spiral9 0.536871 0.204947 0.516377
4566.02 spiral8 0.636364 0.261613 0.610203
4903.02 spiral8 0.642786 0.265271 0.616259
5214.02 spiral9 0.665041 0.279053 0.637136
5551.02 spiral9 0.678059 0.287115 0.649348
6820.02 spiral13 0.682674 0.291825 0.653492
7157.03 spiral13 0.683869 0.293044 0.654564
7494.03 spiral13 0.684178 0.29336 0.654842
7831.03 spiral13 0.684258 0.293441 0.654914
8168.03 spiral13 0.684279 0.293462 0.654933
8505.03 spiral13 0.684284 0.293468 0.654937
8842.04 spiral13 0.684286 0.293469 0.654939
