0 init 0 0 0
1617 spiral4 0.539004 0.13261 0.525743
1954 spiral4 0.678536 0.166939 0.661842
2511.01 spiral2 0.791726 0.197187 0.772008
2848.01 spiral2 0.857939 0.214882 0.836451
3411.01 spiral5 0.866969 0.218384 0.845131
3714.01 spiral7 0.869307 0.219369 0.84737
4547.01 spiral12 0.892362 0.23474 0.868888
5084.02 spiral14 0.921462 0.254816 0.895981
5594.02 spiral12 0.92743 0.258795 0.901551
5931.02 spiral12 0.928975 0.259825 0.902993
6639.02 spiral13 0.930464 0.261344 0.904329
6976.02 spiral13 0.930849 0.261737 0.904675
