0 init 0 0 0
1617 spiral4 0.539004 0.19385 0.519619
1946 spiral1 0.678536 0.24599 0.653937
2283.01 spiral1 0.714656 0.259487 0.688708
2620.01 spiral1 0.724007 0.262981 0.697709
2969.01 spiral3 0.725916 0.263887 0.699528
3413.01 spiral5 0.72668 0.264304 0.70025
3732.01 spiral7 0.7267 0.264316 0.700268
4157.01 spiral8 0.726749 0.264357 0.700313
4494.02 spiral8 0.726752 0.264359 0.700316
4831.02 spiral8 0.726752 0.26436 0.700316
5137.02 spiral9 0.726763 0.26437 0.700326
5474.02 spiral9 0.72677 0.264376 0.700332
5852.02 spiral11 0.726773 0.264379 0.700335
6252.03 spiral10 0.726784 0.26439 0.700345
