0 init 0 0 0
1261 spiral4 0.170083 0.0447044 0.165613
1598 spiral4 0.181061 0.0475898 0.176302
2118.01 spiral2 0.720065 0.249798 0.695085
2455.01 spiral2 0.859597 0.302144 0.829382
3023.01 spiral1 0.897641 0.318416 0.8658
3393.01 spiral3 0.919896 0.329456 0.88695
4124.01 spiral10 0.931294 0.3389 0.897404
4596.02 spiral11 0.933822 0.341505 0.899672
4933.02 spiral11 0.935301 0.343029 0.900998
5354.02 spiral14 0.93783 0.345632 0.903267
5691.02 spiral14 0.939309 0.347154 0.904593
6028.02 spiral14 0.940174 0.348045 0.905369
6426.02 spiral11 0.941039 0.348936 0.906146
