0 init 0 0 0
1261 spiral4 0.170083 0.0447044 0.165613
1598 spiral4 0.181061 0.0475898 0.176302
1935.01 spiral4 0.181769 0.047776 0.176992
2455.01 spiral2 0.720774 0.249984 0.695775
3023.01 spiral1 0.758524 0.266131 0.731911
3393.01 spiral3 0.780607 0.277085 0.752899
3733.01 spiral6 0.780614 0.277089 0.752905
4467.02 spiral10 0.824643 0.313574 0.793286
4804.02 spiral10 0.827485 0.315929 0.795892
5126.02 spiral12 0.827566 0.316001 0.795966
5463.02 spiral12 0.827614 0.316043 0.79601
5929.02 spiral11 0.837381 0.326105 0.804771
6266.02 spiral11 0.843095 0.33199 0.809896
