0 init 0 0 0
1635 spiral4 0.539004 0.192232 0.519781
1950 spiral2 0.678536 0.242807 0.654255
2287.01 spiral2 0.714656 0.255899 0.689066
2845.01 spiral1 0.790117 0.285863 0.76153
3226.01 spiral3 0.849918 0.314239 0.818494
3952.01 spiral9 0.852868 0.316637 0.821205
4289.01 spiral9 0.853059 0.316791 0.82138
4626.02 spiral9 0.853071 0.316801 0.821391
4963.02 spiral9 0.853072 0.316802 0.821392
5388.02 spiral11 0.853726 0.317438 0.821983
5725.02 spiral11 0.854109 0.31781 0.822328
6062.02 spiral11 0.854333 0.318027 0.82253
6528.02 spiral10 0.854988 0.318701 0.823118
