0 init 0 0 0
803.001 spiral4 0.0830064 0.0174335 0.0812631
1136 spiral1 0.131562 0.0297362 0.128589
1473.01 spiral1 0.159966 0.0369328 0.156273
1810.01 spiral1 0.176582 0.0411426 0.172467
2147.01 spiral1 0.186301 0.0436052 0.18194
2759.01 spiral6 0.556867 0.205838 0.536283
3096.01 spiral6 0.652794 0.247835 0.628011
3586.01 spiral8 0.667694 0.256325 0.642062
3986.02 spiral10 0.670475 0.258541 0.644621
4323.02 spiral10 0.672102 0.259837 0.646119
4660.02 spiral10 0.673054 0.260595 0.646994
4997.02 spiral10 0.673611 0.261038 0.647507
5334.02 spiral10 0.673936 0.261298 0.647807
5691.03 spiral11 0.676718 0.264159 0.650302
6028.03 spiral11 0.678345 0.265833 0.651761
6365.03 spiral11 0.679296 0.266813 0.652615
6702.03 spiral11 0.679853 0.267385 0.653114
