0 init 0 0 0
803.001 spiral4 0.0830064 0.0174335 0.0812631
1136 spiral1 0.131562 0.0297362 0.128589
1473.01 spiral1 0.159966 0.0369328 0.156273
1810.01 spiral1 0.176582 0.0411426 0.172467
2383.01 spiral3 0.769486 0.237819 0.745704
2734.01 spiral6 0.865414 0.279816 0.837433
3071.01 spiral6 0.890247 0.290688 0.861178
3954.01 spiral12 0.898925 0.296046 0.869321
4947.02 spiral10 0.899645 0.296619 0.869983
5284.02 spiral10 0.900066 0.296955 0.870371
5641.02 spiral11 0.900786 0.297695 0.871017
5978.02 spiral11 0.901207 0.298129 0.871395
6315.02 spiral11 0.901454 0.298382 0.871616
6652.03 spiral11 0.901598 0.298531 0.871745
