0 init 0 0 0
1497 spiral1 0.539004 0.171186 0.521886
1834 spiral1 0.678536 0.215501 0.656986
2171.01 spiral1 0.714656 0.226973 0.691959
2728.01 spiral2 0.827847 0.267751 0.801072
3099.01 spiral3 0.871989 0.288526 0.843136
3436.01 spiral3 0.89781 0.300678 0.867743
4182.01 spiral10 0.899774 0.302336 0.86954
4519.02 spiral10 0.900923 0.303306 0.870592
4856.02 spiral10 0.901594 0.303874 0.871207
5193.02 spiral10 0.901988 0.304206 0.871567
5578.02 spiral12 0.902064 0.304273 0.871637
5953.02 spiral9 0.902719 0.304889 0.87223
6337.02 spiral11 0.903373 0.305537 0.872819
