0 init 0 0 0
1497 spiral1 0.539004 0.171186 0.521886
1834 spiral1 0.678536 0.215501 0.656986
2391.01 spiral2 0.791726 0.256279 0.766099
2728.01 spiral2 0.857939 0.280133 0.829926
3099.01 spiral3 0.883761 0.292285 0.854532
3436.01 spiral3 0.898866 0.299394 0.868926
4182.01 spiral10 0.906451 0.3058 0.875871
4519.02 spiral10 0.910888 0.309546 0.879933
4856.02 spiral10 0.913484 0.311738 0.88231
5193.02 spiral10 0.915002 0.31302 0.8837
5619.02 spiral9 0.91753 0.3154 0.88599
5956.02 spiral9 0.919009 0.316791 0.88733
6340.02 spiral11 0.921538 0.319296 0.889608
