0 init 0 0 0
1497 spiral1 0.539004 0.171186 0.521886
1834 spiral1 0.678536 0.215501 0.656986
2171.01 spiral1 0.714656 0.226973 0.691959
2728.01 spiral2 0.827847 0.267751 0.801072
3099.01 spiral3 0.871989 0.288526 0.843136
3436.01 spiral3 0.89781 0.300678 0.867743
4585 spiral14 0.905363 0.30841 0.874522
4922 spiral14 0.909781 0.312932 0.878487
5259.01 spiral14 0.912365 0.315578 0.880807
5596.01 spiral14 0.913877 0.317125 0.882164
5933.01 spiral14 0.914761 0.318031 0.882958
6270.01 spiral14 0.915278 0.31856 0.883422
6615.01 spiral13 0.915581 0.318872 0.883694
