0 init 0 0 0
1141 spiral4 0.0377302 0.0101784 0.0367123
1478 spiral4 0.0598011 0.0161324 0.0581879
1815.01 spiral4 0.0727119 0.0196153 0.0707504
2269.01 spiral2 0.611716 0.204779 0.591238
2598.01 spiral5 0.751248 0.259825 0.725265
2975.01 spiral6 0.779742 0.275015 0.752241
3312.01 spiral6 0.781581 0.275995 0.753982
3807.01 spiral12 0.781592 0.276005 0.753992
4144.02 spiral12 0.781598 0.27601 0.753997
4481.02 spiral12 0.781602 0.276013 0.754
4818.02 spiral12 0.781604 0.276015 0.754002
5155.02 spiral12 0.781605 0.276016 0.754003
5616.02 spiral11 0.781616 0.276027 0.754013
5953.03 spiral11 0.781622 0.276033 0.754018
6290.03 spiral11 0.781625 0.276037 0.754022
