0 init 0 0 0
1141 spiral4 0.0377302 0.0101784 0.0367123
1478 spiral4 0.0598011 0.0161324 0.0581879
1815.01 spiral4 0.0727119 0.0196153 0.0707504
2269.01 spiral2 0.611716 0.204779 0.591238
2598.01 spiral5 0.751248 0.259825 0.725265
2975.01 spiral6 0.779742 0.275015 0.752241
3403.01 spiral7 0.788772 0.280025 0.76077
3710.01 spiral9 0.79111 0.281446 0.762965
4153.02 spiral10 0.7916 0.281888 0.763411
5256.02 spiral14 0.876641 0.369566 0.839684
5593.02 spiral14 0.88213 0.375225 0.844607
5930.02 spiral14 0.882484 0.37559 0.844925
