0 init 0 0 0
1459 spiral2 0.113191 0.0303692 0.110154
1796 spiral2 0.179403 0.0481342 0.17459
2133.01 spiral2 0.218136 0.0585262 0.212283
2470.01 spiral2 0.240793 0.0646052 0.234332
3032.01 spiral5 0.410876 0.131842 0.397692
3369.01 spiral5 0.421854 0.136182 0.408236
4242.01 spiral10 0.431811 0.141824 0.417629
5186.02 spiral7 0.507272 0.189203 0.488351
5594.02 spiral14 0.545002 0.215955 0.523406
5931.02 spiral14 0.567073 0.231604 0.543913
6386.02 spiral8 0.604803 0.259924 0.578811
7850.02 spiral11 0.605088 0.260201 0.579068
8204.02 spiral13 0.605255 0.260371 0.579218
