0 init 0 0 0
1524 spiral4 0.539004 0.134521 0.525552
1861 spiral4 0.678536 0.169344 0.661602
2406.01 spiral2 0.791726 0.199713 0.771755
2743.01 spiral2 0.857939 0.217478 0.836192
3305.01 spiral5 0.869337 0.221984 0.847139
4178.01 spiral10 0.898437 0.238473 0.87459
5122.01 spiral7 0.903494 0.241648 0.879329
5530.02 spiral14 0.906022 0.243441 0.881678
5867.02 spiral14 0.907502 0.244489 0.883053
6322.02 spiral8 0.91003 0.246387 0.885391
7786.02 spiral11 0.910863 0.247197 0.886144
8140.02 spiral13 0.911351 0.247695 0.886581
