0 init 0 0 0
1459 spiral2 0.113191 0.0303692 0.110154
1796 spiral2 0.179403 0.0481342 0.17459
2133.01 spiral2 0.218136 0.0585262 0.212283
2470.01 spiral2 0.240793 0.0646052 0.234332
3032.01 spiral5 0.410876 0.131842 0.397692
3369.01 spiral5 0.421854 0.136182 0.408236
3809.01 spiral7 0.497314 0.183561 0.478958
4146.01 spiral7 0.541456 0.211276 0.520328
4483.02 spiral7 0.567278 0.227489 0.544529
4820.02 spiral7 0.582382 0.236973 0.558685
5157.02 spiral7 0.591218 0.242521 0.566966
5565.02 spiral14 0.628948 0.269273 0.602021
5902.02 spiral14 0.651019 0.284922 0.622527
7282.03 spiral11 0.655437 0.289214 0.626516
7619.03 spiral11 0.658022 0.291725 0.628849
7956.03 spiral11 0.659533 0.293194 0.630214
8310.03 spiral13 0.660418 0.294098 0.631008
