0 init 0 0 0
2249 spiral3 0.187091 0.0600003 0.181091
2576 spiral5 0.199167 0.0642506 0.192742
3071.01 spiral2 0.573349 0.195431 0.553806
3408.01 spiral2 0.5975 0.203898 0.577111
3725.01 spiral1 0.598192 0.204158 0.577776
4226.01 spiral10 0.598648 0.204414 0.578207
4870.01 spiral7 0.785739 0.312309 0.754508
5207.02 spiral7 0.797815 0.319273 0.765888
6220.02 spiral11 0.798594 0.319816 0.766613
6553.02 spiral13 0.798645 0.319853 0.766659
6932.02 spiral16 0.798648 0.319855 0.766662
7334.02 spiral15 0.798648 0.319856 0.766662
7671.02 spiral15 0.798648 0.319856 0.766662
