0 init 0 0 0
2249 spiral3 0.187091 0.0600003 0.181091
2576 spiral5 0.199167 0.0642506 0.192742
3071.01 spiral2 0.573349 0.195431 0.553806
3408.01 spiral2 0.5975 0.203898 0.577111
3725.01 spiral1 0.598192 0.204158 0.577776
4226.01 spiral10 0.598648 0.204414 0.578207
4563.01 spiral10 0.598677 0.20443 0.578234
4900.02 spiral10 0.598679 0.204431 0.578236
5252.02 spiral8 0.598679 0.204431 0.578236
5589.02 spiral8 0.598679 0.204431 0.578236
5926.02 spiral8 0.598679 0.204431 0.578236
6556.02 spiral13 0.599459 0.205005 0.578958
6935.02 spiral16 0.599509 0.205045 0.579005
7337.03 spiral15 0.599512 0.205048 0.579008
7674.03 spiral15 0.599513 0.205048 0.579008
8166.03 spiral17 0.599513 0.205048 0.579008
8503.03 spiral17 0.599513 0.205048 0.579008
8840.03 spiral17 0.599513 0.205048 0.579008
9177.04 spiral17 0.599513 0.205048 0.579008
