0 init 0 0 0
454.001 spiral13 0.741131 0.0619234 0.734939
791.003 spiral13 0.932987 0.0779534 0.925192
1128.01 spiral13 0.982652 0.0821031 0.974442
1648.01 spiral15 0.991668 0.0840677 0.983261
1985.01 spiral15 0.99225 0.0841945 0.98383
2362.01 spiral16 0.997697 0.0857476 0.989122
2699.01 spiral16 0.998048 0.0858478 0.989463
3088.01 spiral20 0.998071 0.0858572 0.989485
3425.02 spiral20 0.998072 0.0858578 0.989486
3762.02 spiral20 0.998072 0.0858578 0.989487
4212.02 spiral19 0.998072 0.0858579 0.989487
4542.02 spiral22 0.998072 0.0858579 0.989487
5015.02 spiral21 0.998072 0.0858579 0.989487
5461.03 spiral26 0.998072 0.0858579 0.989487
5788.03 spiral28 0.998072 0.0858579 0.989487
6136.03 spiral26 0.998072 0.0858579 0.989487
6473.03 spiral26 0.998072 0.0858579 0.989487
6897.03 spiral25 0.998072 0.0858579 0.989487
7348.04 spiral27 0.998072 0.0858579 0.989487
7685.04 spiral27 0.998072 0.0858579 0.989487
8022.04 spiral27 0.998072 0.0858579 0.989487
8359.04 spiral27 0.998072 0.0858579 0.989487
8696.05 spiral27 0.998072 0.0858579 0.989487
