0 init 0 0 0
665.001 spiral1 0.415032 0.114861 0.403546
1002 spiral1 0.657812 0.182051 0.639607
1339.01 spiral1 0.799831 0.221356 0.777696
1676.01 spiral1 0.882908 0.244347 0.858473
2013.01 spiral1 0.931505 0.257797 0.905725
2350.01 spiral1 0.959932 0.265664 0.933366
2986.01 spiral7 0.965872 0.268556 0.939016
3472.01 spiral9 0.973368 0.273161 0.946052
3809.02 spiral8 0.973852 0.273508 0.946501
4146.02 spiral8 0.973883 0.27353 0.94653
4742.02 spiral12 0.981379 0.28062 0.953317
5079.02 spiral12 0.981863 0.281078 0.953755
5503.02 spiral11 0.981877 0.281092 0.953768
5840.03 spiral11 0.981885 0.281101 0.953775
