0 init 0 0 0
665.001 spiral1 0.415032 0.114861 0.403546
1002 spiral1 0.657812 0.182051 0.639607
1339.01 spiral1 0.799831 0.221356 0.777696
1676.01 spiral1 0.882908 0.244347 0.858473
2013.01 spiral1 0.931505 0.257797 0.905725
2350.01 spiral1 0.959932 0.265664 0.933366
2949.01 spiral2 0.966584 0.269227 0.939661
3286.01 spiral2 0.970475 0.271312 0.943344
3676.02 spiral10 0.97304 0.273181 0.945722
4013.02 spiral10 0.973206 0.273301 0.945876
4415.02 spiral12 0.973217 0.273311 0.945885
4752.02 spiral12 0.973217 0.273312 0.945886
5089.02 spiral12 0.973217 0.273312 0.945886
5513.03 spiral11 0.973217 0.273312 0.945886
5850.03 spiral11 0.973217 0.273312 0.945886
