0 init 0 0 0
1664 spiral2 0.113191 0.0429468 0.108896
2001 spiral2 0.179403 0.0680694 0.172596
2338.01 spiral2 0.218136 0.0827652 0.209859
2675.01 spiral2 0.240793 0.0913618 0.231657
3012.01 spiral2 0.254047 0.0963906 0.244408
3651.01 spiral6 0.456173 0.203337 0.43584
4216.01 spiral7 0.531634 0.258537 0.50578
4553.02 spiral7 0.575776 0.290828 0.546693
4890.02 spiral7 0.601597 0.309717 0.570626
5205.02 spiral9 0.60915 0.316067 0.577543
5542.02 spiral9 0.613568 0.319782 0.581589
5935.02 spiral11 0.623335 0.328634 0.590471
6396.02 spiral8 0.633102 0.338122 0.59929
