0 init 0 0 0
1664 spiral2 0.113191 0.0429468 0.108896
2001 spiral2 0.179403 0.0680694 0.172596
2338.01 spiral2 0.218136 0.0827652 0.209859
2675.01 spiral2 0.240793 0.0913618 0.231657
3012.01 spiral2 0.254047 0.0963906 0.244408
3576.01 spiral5 0.523549 0.238271 0.499722
4007.01 spiral7 0.543083 0.252561 0.517827
4344.01 spiral7 0.55451 0.26092 0.528418
4681.02 spiral7 0.561195 0.26581 0.534614
5018.02 spiral7 0.565105 0.26867 0.538238
5333.02 spiral9 0.566249 0.269632 0.539285
5670.02 spiral9 0.566918 0.270194 0.539898
6063.02 spiral11 0.604648 0.304391 0.574209
6524.03 spiral8 0.642378 0.341042 0.608274
