0 init 0 0 0
1384 spiral4 0.680332 0.212166 0.659115
1701 spiral1 0.715121 0.224071 0.692714
2038.01 spiral1 0.724127 0.227153 0.701412
2375.01 spiral1 0.726458 0.227951 0.703663
2728.01 spiral5 0.726836 0.228119 0.704024
3094.01 spiral8 0.726959 0.228186 0.70414
3508.01 spiral7 0.72711 0.228272 0.704283
3941.01 spiral9 0.727113 0.228275 0.704285
4278.02 spiral9 0.727113 0.228275 0.704286
4615.02 spiral9 0.727113 0.228275 0.704286
5048.02 spiral12 0.727114 0.228276 0.704286
5385.02 spiral12 0.727114 0.228276 0.704287
5722.02 spiral12 0.727114 0.228276 0.704287
