0 init 0 0 0
1611 spiral1 0.539004 0.181304 0.520874
1948 spiral1 0.678536 0.228238 0.655712
2285.01 spiral1 0.714656 0.240387 0.690618
2623.01 spiral3 0.722838 0.243795 0.698458
2960.01 spiral3 0.724956 0.244677 0.700488
3398.01 spiral5 0.725113 0.24476 0.700637
3776.01 spiral8 0.725426 0.244961 0.70093
4113.01 spiral8 0.725507 0.245013 0.701006
4486.02 spiral10 0.725533 0.245033 0.70103
4823.02 spiral10 0.725535 0.245034 0.701032
5160.02 spiral10 0.725535 0.245035 0.701032
5545.02 spiral9 0.725535 0.245035 0.701032
5882.02 spiral9 0.725535 0.245035 0.701032
