0 init 0 0 0
1112 spiral4 0.0377302 0.00983593 0.0367466
1449 spiral4 0.0598011 0.0155896 0.0582422
1786.01 spiral4 0.0727119 0.0189554 0.0708164
2245.01 spiral1 0.753044 0.250593 0.727984
2597.01 spiral5 0.774787 0.260331 0.748754
2934.01 spiral5 0.780416 0.262852 0.754131
3376.01 spiral7 0.789113 0.267526 0.762361
3680.01 spiral9 0.791365 0.268844 0.76448
4118.02 spiral12 0.7921 0.269438 0.765156
5195.02 spiral13 0.877142 0.357079 0.841434
5532.02 spiral13 0.882631 0.362735 0.846357
5869.02 spiral13 0.882985 0.3631 0.846675
