0 init 0 0 0
1112 spiral4 0.0377302 0.00983593 0.0367466
1449 spiral4 0.0598011 0.0155896 0.0582422
1786.01 spiral4 0.0727119 0.0189554 0.0708164
2245.01 spiral1 0.753044 0.250593 0.727984
2597.01 spiral5 0.774787 0.260331 0.748754
2934.01 spiral5 0.780416 0.262852 0.754131
3305.01 spiral8 0.781519 0.263459 0.755173
3701.01 spiral9 0.790217 0.26855 0.763362
4132.02 spiral10 0.790248 0.268578 0.76339
4469.02 spiral10 0.790267 0.268594 0.763407
4806.02 spiral10 0.790278 0.268604 0.763417
5143.02 spiral10 0.790284 0.268609 0.763423
5545.02 spiral14 0.790285 0.268611 0.763424
5882.03 spiral14 0.790286 0.268611 0.763425
