0 init 0 0 0
1712 spiral2 0.592905 0.222904 0.570615
2042 spiral3 0.74639 0.280576 0.718332
2387.01 spiral2 0.786122 0.295514 0.756571
2955.01 spiral1 0.869128 0.332884 0.83584
3497.01 spiral5 0.872374 0.33463 0.838911
3827.01 spiral7 0.872457 0.334683 0.838989
4164.01 spiral7 0.872478 0.334697 0.839009
4584.02 spiral8 0.875724 0.337358 0.841988
4921.02 spiral8 0.875933 0.33753 0.84218
5242.02 spiral9 0.875939 0.337536 0.842186
5642.02 spiral11 0.876659 0.338237 0.842836
5979.02 spiral11 0.877081 0.338648 0.843216
6440.02 spiral10 0.877801 0.339389 0.843862
