0 init 0 0 0
519.001 spiral2 0.935456 0.0877142 0.926685
856.003 spiral2 0.995834 0.0933756 0.986497
1971 spiral4 0.996948 0.0938828 0.987559
2308 spiral4 0.997019 0.0939156 0.987628
2645.01 spiral4 0.997024 0.0939177 0.987632
2982.01 spiral4 0.997024 0.0939178 0.987633
3384.01 spiral5 0.997024 0.0939178 0.987633
3988 spiral3 0.997271 0.0941725 0.987854
4325 spiral3 0.997416 0.0943214 0.987984
4662.01 spiral3 0.9975 0.0944086 0.988059
4999.01 spiral3 0.99755 0.0944595 0.988104
5336.01 spiral3 0.997579 0.0944894 0.98813
5673.01 spiral3 0.997596 0.0945068 0.988145
6010.01 spiral3 0.997606 0.094517 0.988154
6347.02 spiral3 0.997611 0.094523 0.988159
