0 init 0 0 0
1518 spiral4 0.539004 0.170559 0.521949
1847 spiral1 0.678536 0.216553 0.656881
2184.01 spiral1 0.714656 0.22846 0.69181
2743.01 spiral2 0.827847 0.269833 0.800864
3298.01 spiral5 0.829322 0.270596 0.802263
3696.01 spiral10 0.833748 0.273972 0.806351
4894.01 spiral11 0.855819 0.296667 0.826152
5231.02 spiral11 0.86873 0.309943 0.837735
5568.02 spiral11 0.876282 0.317709 0.844511
5905.02 spiral11 0.8807 0.322252 0.848475
6242.02 spiral11 0.883284 0.32491 0.850793
6579.02 spiral11 0.884796 0.326464 0.85215
