0 init 0 0 0
1518 spiral4 0.539004 0.170559 0.521949
1847 spiral1 0.678536 0.216553 0.656881
2406.01 spiral2 0.791726 0.257926 0.765934
2743.01 spiral2 0.857939 0.282128 0.829726
3298.01 spiral5 0.863638 0.285077 0.835131
3696.01 spiral10 0.880735 0.298117 0.850923
4033.01 spiral10 0.881838 0.298959 0.851943
5231.02 spiral11 0.894749 0.312235 0.863526
5568.02 spiral11 0.902302 0.320001 0.870302
5905.02 spiral11 0.90672 0.324544 0.874265
6242.02 spiral11 0.909304 0.327201 0.876584
6579.02 spiral11 0.910816 0.328756 0.87794
