0 init 0 0 0
1518 spiral4 0.539004 0.170559 0.521949
1847 spiral1 0.678536 0.216553 0.656881
2184.01 spiral1 0.714656 0.22846 0.69181
2532.01 spiral3 0.723508 0.232213 0.700287
2868.01 spiral6 0.724079 0.232476 0.700832
3205.01 spiral6 0.724116 0.232493 0.700867
3695.01 spiral10 0.724117 0.232494 0.700868
4032.01 spiral10 0.724117 0.232494 0.700868
4369.02 spiral10 0.724117 0.232494 0.700868
4706.02 spiral10 0.724117 0.232494 0.700868
5043.02 spiral10 0.724117 0.232494 0.700868
5426.02 spiral12 0.724117 0.232494 0.700868
5753.02 spiral9 0.724117 0.232494 0.700868
6203.03 spiral7 0.724118 0.232494 0.700868
