0 init 0 0 0
1564 spiral4 0.539004 0.187847 0.52022
1894 spiral1 0.678536 0.240553 0.654481
2231.01 spiral1 0.714656 0.254196 0.689237
2568.01 spiral1 0.724007 0.257728 0.698234
2920.01 spiral3 0.72552 0.258468 0.699673
3226.01 spiral6 0.725911 0.258678 0.700043
3632.01 spiral8 0.725988 0.258726 0.700115
4098.01 spiral7 0.72599 0.258729 0.700117
4435.02 spiral7 0.725991 0.25873 0.700118
4772.02 spiral7 0.725992 0.25873 0.700119
5109.02 spiral7 0.725993 0.258731 0.70012
5446.02 spiral7 0.725993 0.258731 0.70012
5847.02 spiral10 0.725993 0.258731 0.70012
6184.03 spiral10 0.725993 0.258731 0.70012
