0 init 0 0 0
1558 spiral2 0.113191 0.0302757 0.110163
1895 spiral2 0.179403 0.047986 0.174605
2232.01 spiral2 0.218136 0.058346 0.212301
2569.01 spiral2 0.240793 0.0644062 0.234352
2906.01 spiral2 0.254047 0.0679513 0.247252
3506.01 spiral7 0.321422 0.0961955 0.311803
3843.01 spiral7 0.338864 0.103507 0.328513
4198.01 spiral6 0.54099 0.203651 0.520625
4632.02 spiral9 0.58502 0.22843 0.562177
4969.02 spiral9 0.587861 0.23003 0.564858
5385.02 spiral11 0.597629 0.236564 0.573972
5722.02 spiral11 0.603342 0.240386 0.579303
6059.02 spiral11 0.606684 0.242622 0.582422
6450.03 spiral10 0.682145 0.295973 0.652547
7864.03 spiral13 0.68676 0.300662 0.656693
8201.03 spiral13 0.687954 0.301876 0.657767
8538.03 spiral13 0.688263 0.30219 0.658044
8875.03 spiral13 0.688344 0.302271 0.658116
