0 init 0 0 0
1643 spiral4 0.539004 0.13477 0.525527
2190 spiral2 0.652195 0.165045 0.63569
2527.01 spiral2 0.718408 0.182756 0.700132
2864.01 spiral2 0.75714 0.193116 0.737829
3411.01 spiral5 0.801169 0.209209 0.780249
3818.01 spiral6 0.853494 0.235133 0.82998
4155.01 spiral6 0.867039 0.241844 0.842855
4543.02 spiral8 0.886573 0.253928 0.86118
4880.02 spiral8 0.898 0.260997 0.8719
5217.02 spiral8 0.904685 0.265133 0.878171
5554.02 spiral8 0.908595 0.267552 0.88184
6964.02 spiral13 0.922081 0.281253 0.893956
7301.02 spiral13 0.925572 0.2848 0.897092
7638.03 spiral13 0.926476 0.285718 0.897904
7975.03 spiral13 0.92671 0.285956 0.898115
