0 init 0 0 0
1558 spiral2 0.113191 0.0302757 0.110163
1895 spiral2 0.179403 0.047986 0.174605
2232.01 spiral2 0.218136 0.058346 0.212301
2569.01 spiral2 0.240793 0.0644062 0.234352
2906.01 spiral2 0.254047 0.0679513 0.247252
3506.01 spiral7 0.321422 0.0961955 0.311803
3843.01 spiral7 0.338864 0.103507 0.328513
4198.01 spiral6 0.54099 0.203651 0.520625
4535.02 spiral6 0.593315 0.229575 0.570357
4969.02 spiral9 0.604712 0.23599 0.581114
5462.02 spiral8 0.680173 0.282672 0.651906
5820.02 spiral10 0.724315 0.313881 0.692927
6157.02 spiral10 0.750136 0.332138 0.716923
6494.03 spiral10 0.765241 0.342817 0.730959
7908.03 spiral13 0.769856 0.347506 0.735106
8245.03 spiral13 0.771051 0.348719 0.736179
8582.03 spiral13 0.77136 0.349033 0.736457
8919.03 spiral13 0.77144 0.349115 0.736529
