0 init 0 0 0
1404 spiral2 0.0754604 0.0255982 0.0729005
1741 spiral2 0.119602 0.0405723 0.115545
2078.01 spiral2 0.145424 0.0493317 0.140491
2621.01 spiral3 0.570631 0.233918 0.547239
2952.01 spiral6 0.598076 0.246277 0.573448
3420.01 spiral5 0.768159 0.339431 0.734216
3854.01 spiral7 0.76863 0.339857 0.734645
4191.01 spiral7 0.768906 0.340106 0.734895
4528.02 spiral7 0.769067 0.340251 0.735042
4865.02 spiral7 0.769162 0.340337 0.735128
5202.02 spiral7 0.769217 0.340386 0.735178
5539.02 spiral7 0.769249 0.340416 0.735208
5983.02 spiral8 0.769406 0.340578 0.735349
6320.03 spiral8 0.769498 0.340672 0.735431
