0 init 0 0 0
1603 spiral1 0.592905 0.213782 0.571527
1925 spiral3 0.74639 0.276466 0.718743
2302.01 spiral1 0.786122 0.290792 0.757043
2624.01 spiral3 0.796407 0.294993 0.766908
2948.01 spiral6 0.798737 0.296023 0.769135
3374.01 spiral7 0.798909 0.29613 0.769297
3711.01 spiral7 0.798954 0.296157 0.769338
4140.01 spiral10 0.799172 0.296338 0.769538
4477.02 spiral10 0.799186 0.29635 0.769551
4814.02 spiral10 0.799187 0.296351 0.769551
5120.02 spiral8 0.799235 0.296395 0.769595
5634.02 spiral9 0.799331 0.296487 0.769683
6038.02 spiral11 0.79936 0.296516 0.769708
6375.03 spiral11 0.799376 0.296533 0.769723
