0 init 0 0 0
2218 spiral1 0.187091 0.0666694 0.180424
2554 spiral4 0.374182 0.132256 0.360957
2941.01 spiral1 0.386258 0.136559 0.372602
3533.01 spiral2 0.534484 0.195665 0.514918
4479.01 spiral10 0.721576 0.293502 0.692225
5331.01 spiral7 0.908667 0.411474 0.867519
6555.01 spiral15 0.920742 0.42186 0.878556
6892.02 spiral15 0.921522 0.42253 0.879269
7226.02 spiral18 0.921572 0.422575 0.879315
7638.02 spiral17 0.921574 0.422577 0.879316
7975.02 spiral17 0.921574 0.422578 0.879317
8312.02 spiral17 0.921575 0.422578 0.879317
