0 init 0 0 0
2218 spiral1 0.187091 0.0666694 0.180424
2554 spiral4 0.374182 0.132256 0.360957
2941.01 spiral1 0.386258 0.136559 0.372602
3492.01 spiral6 0.573349 0.216497 0.5517
3876.01 spiral10 0.585425 0.222812 0.563144
4213.01 spiral10 0.586204 0.223219 0.563882
4544.01 spiral8 0.586255 0.223247 0.56393
4990.02 spiral11 0.586258 0.223249 0.563933
5428.02 spiral12 0.586258 0.223249 0.563933
5765.02 spiral12 0.586258 0.223249 0.563933
6118.02 spiral16 0.586258 0.223249 0.563933
6527.02 spiral15 0.586258 0.223249 0.563933
6864.02 spiral15 0.586258 0.223249 0.563933
7198.03 spiral18 0.586258 0.223249 0.563933
7610.03 spiral17 0.586258 0.223249 0.563933
7947.03 spiral17 0.586258 0.223249 0.563933
8284.03 spiral17 0.586258 0.223249 0.563933
