0 init 0 0 0
1006 spiral15 0.0926414 0.029836 0.0896578
1346 spiral18 0.370566 0.153399 0.355226
1760.01 spiral15 0.394548 0.161123 0.378435
2100.01 spiral18 0.466493 0.193109 0.447183
2486.01 spiral20 0.570251 0.275719 0.54268
2823.01 spiral20 0.630947 0.324042 0.598542
3160.01 spiral20 0.666451 0.35231 0.63122
3497.01 spiral20 0.68722 0.368846 0.650336
3840.02 spiral16 0.69937 0.381532 0.661216
4177.02 spiral16 0.706477 0.388954 0.667581
4514.02 spiral16 0.710634 0.393295 0.671304
4851.02 spiral16 0.713066 0.395834 0.673482
