0 init 0 0 0
1006 spiral15 0.0926414 0.029836 0.0896578
1343 spiral15 0.116623 0.0375596 0.112867
1680.01 spiral15 0.122832 0.039559 0.118876
2020.01 spiral18 0.400756 0.163122 0.384444
2406.01 spiral20 0.504514 0.245731 0.479941
2743.01 spiral20 0.565209 0.294055 0.535803
3080.01 spiral20 0.600714 0.322323 0.568481
3417.01 spiral20 0.621483 0.338859 0.587597
3790.02 spiral17 0.633632 0.350577 0.598574
4127.02 spiral17 0.640739 0.357432 0.604996
4464.02 spiral17 0.644896 0.361442 0.608752
4830.02 spiral16 0.647328 0.363982 0.61093
