0 init 0 0 0
1516 spiral4 0.539004 0.174291 0.521575
1833 spiral2 0.678536 0.225369 0.655999
2396.01 spiral1 0.791726 0.271785 0.764548
2733.01 spiral1 0.857939 0.298937 0.828046
3070.01 spiral1 0.896672 0.31482 0.86519
3670.01 spiral9 0.901187 0.317603 0.869426
4007.01 spiral9 0.902356 0.318324 0.870523
4449.02 spiral11 0.907412 0.322767 0.875136
4938.02 spiral10 0.912469 0.327256 0.879744
5275.02 spiral10 0.915427 0.329882 0.882439
5612.02 spiral10 0.917158 0.331417 0.884016
5971.02 spiral12 0.91817 0.332429 0.884927
6308.02 spiral12 0.918762 0.333021 0.88546
