0 init 0 0 0
1516 spiral4 0.539004 0.174291 0.521575
1833 spiral2 0.678536 0.225369 0.655999
2396.01 spiral1 0.791726 0.271785 0.764548
2733.01 spiral1 0.857939 0.298937 0.828046
3070.01 spiral1 0.896672 0.31482 0.86519
3670.01 spiral9 0.901187 0.317603 0.869426
4007.01 spiral9 0.902356 0.318324 0.870523
4449.02 spiral11 0.907412 0.322767 0.875136
4786.02 spiral11 0.91037 0.325367 0.877834
5251.02 spiral12 0.915427 0.330422 0.882385
5588.02 spiral12 0.918385 0.33338 0.885047
6014.02 spiral14 0.920914 0.33588 0.887326
6411.02 spiral12 0.922644 0.33761 0.888883
